6.968167577834876170e-01
6.712410612649374331e-01
-3.137290452615320580e-01
3.824782578066019956e-01
8.915737927750092551e-01
-5.501407326103484596e-01
-7.836043192683455061e-01
-1.000000000000000000e+00
3.068308907686438380e-01
5.575169675260475133e-01
3.494839239126809050e-01
-3.754281273889011894e-01
1.225041216462903204e-01
-3.305586740539650514e-01
8.244618679553724627e-01
-1.000000000000000000e+00
-7.597115130949587680e-01
-2.611685101501572959e-01
2.742250255410045301e-01
-2.739327976990094116e-01
-1.171742741899454154e-01
8.247286445883554862e-01
-4.813257523647845870e-01
-6.542237665127401680e-01
7.556477149591512843e-01
7.231154288944319219e-01
3.245913813585143970e-01
3.539418137012853016e-01
9.890039924873281763e-01
-4.462175100099176062e-01
-8.196969496163527547e-01
-4.197552553628220995e-01
-9.401531881855667017e-01
-7.132736609268247596e-01
-6.091648975165091517e-01
3.405554884643624547e-02
8.554423913941329172e-01
-9.934458164689494164e-02
-3.215239998298640156e-01
-7.421909999376995470e-01
-7.640499661458423075e-01
-9.087335847925296362e-01
5.745428676596994189e-01
1.000000000000000000e+00
-8.918511261251866884e-01
6.458916677982446952e-01
3.723472061213299322e-01
1.394832731493625411e-01
9.750536120024871911e-01
5.186170458767220826e-01
-9.103115498124230154e-01
6.460530565739703857e-01
-9.402378497828832726e-01
-1.196931023484110179e-02
1.360520621408134456e-02
-1.000000000000000000e+00
-7.502126589069422202e-01
-6.572379890620688725e-01
9.037950181183795895e-01
-1.297032092486717914e-01
-5.384432969027479476e-01
-7.770079237831211127e-01
1.000000000000000000e+00
5.184049420674913256e-01
-1.485397935063899610e-01
-4.807671571637136543e-01
7.206880938968336370e-01
4.004995976592911622e-01
3.707867000910101962e-02
6.231829548548764586e-02
-9.884368975456057083e-01
3.058418864448435581e-01
-4.560585242329892597e-01
1.862639567722902956e-01
-2.941881738165609272e-01
-1.000000000000000000e+00
6.086965270802827677e-01
-6.824248307441809214e-01
-7.337599897591480236e-01
-2.364461250579368290e-01
-7.120827107242028164e-01
8.153014358950823048e-01
3.624850776748637649e-01
-7.983360535547665560e-01
-2.468392894104711466e-01
9.955022601342367050e-02
-2.615641318801513182e-01
7.527024531716058897e-02
-1.580755279176116190e-01
-2.391709112463123454e-01
-1.000000000000000000e+00
3.998904835744099273e-01
6.012690702395191433e-01
-6.656167530104520891e-01
-3.400986790706308494e-01
-3.684298817956516703e-01
-5.414782534488775667e-01
2.674380910532059841e-01
-6.311584866868574784e-01
-9.050215108702528433e-01
1.000000000000000000e+00
7.789290268428969433e-02
4.386651769524419625e-02
-2.214126824201990973e-01
-7.182598234335699772e-01
-5.239502466436100070e-01
4.107756951386647426e-01
-9.885324677303971574e-01
-4.538581638286178777e-01
9.734170432460914624e-02
3.238337657327659547e-01
-8.155173936932280654e-01
1.211916120322813484e-01
8.775617683676971703e-01
-9.368506888985447256e-01
1.680501924921349866e-01
-6.805301375764093441e-01
-1.545012392014365465e-01
-4.899870921885079444e-01
-1.210958608644871204e-01
8.650241107291799514e-01
-4.126431755043666882e-01
1.608943732038582708e-01
6.872819080035770245e-01
1.506535074182188128e-01
-1.482357601072952780e-01
-5.953162576412315277e-01
2.005034796648936801e-01
4.476403297508938506e-01
2.432610319573904056e-01
-2.630685098274901934e-01
4.523193748447740803e-01
-1.406325782295583249e-01
9.179156386577473903e-01
6.359072173955981899e-01
-8.110165949093192106e-01
2.926896065690710036e-01
-3.884694888948721225e-02
3.611846450378270457e-01
9.630602034501285491e-01
-6.025446700287524493e-01
-2.383064205036851957e-01
8.239753058226617632e-01
8.437079916310434857e-01
-9.955729786188233232e-02
-7.159778529138760561e-02
2.570430840614127410e-01
9.151671019874225710e-01
9.928633775204670497e-02
-1.308983929404284041e-01
-5.096080034998468067e-01
3.400300391987159943e-01
-1.000000000000000000e+00
-9.855243850665400540e-01
7.255263574469204002e-01
-7.374697852586523661e-01
1.000000000000000000e+00
5.712598519722922319e-01
9.075591632173255485e-01
4.383517613524273715e-01
-1.000000000000000000e+00
-9.166823207374635851e-02
-3.316655436542409463e-01
-3.819566428978695138e-01
2.376319042913100921e-01
8.572837709729977940e-01
8.851855655901467168e-01
-2.898546519001189425e-01
1.000000000000000000e+00
-2.595601324838300306e-01
1.000000000000000000e+00
1.000000000000000000e+00
5.379559981552609615e-01
2.692925355588460246e-02
-5.804438759822686533e-01
4.696957874065798011e-01
9.299185949796782980e-02
-1.000000000000000000e+00
-2.114003629449959926e-02
-9.518387439495140656e-01
1.072101967771325604e-01
-6.861372599561810226e-01
1.000000000000000000e+00
-2.484942200982254989e-01
1.000000000000000000e+00
4.602200829104904911e-01
-4.643306958764795711e-01
-1.846479496300117429e-01
-8.951516020166815357e-01
-9.280041677157435664e-02
7.565307661998892375e-01
6.556302758822447618e-01
-1.000000000000000000e+00
7.425382685641442881e-01
-8.881384854877414359e-01
-6.515234203664908019e-01
-3.718615957577950382e-01
5.334506721896341286e-02
-5.005126951924958600e-01
-2.786225783377612730e-01
5.680708651590226088e-01
4.939894712555715772e-01
8.715002842034582642e-01
-4.571085697860974850e-01
7.458347019783450049e-01
5.916926223877212454e-01
-5.818746952670819095e-01
-3.018654290530251583e-01
4.741802447738924231e-02
1.000000000000000000e+00
-1.791437547593530133e-01
5.299438380257391890e-01
2.343365111848971505e-01
-6.155952507182822497e-01
-7.324863287308009951e-01
8.837522113270452895e-01
1.000000000000000000e+00
3.340400202533436169e-01
9.803210238600399418e-01
-7.275420962965316596e-01
-3.820855455110512278e-01
-6.754889078387279477e-01
-6.361213033129904382e-01
9.552366335160015209e-01
-5.977451453260316239e-01
6.592839395414762382e-02
-7.263836164695713915e-01
-5.154290580175644454e-01
-4.347501566627438585e-01
-4.891565645720877265e-01
1.766523133099529852e-01
6.197031839853899271e-01
4.341145558973182883e-01
1.000000000000000000e+00
-2.280368229221376580e-02
-8.663454141341536685e-01
-1.351228855114835481e-01
8.884502821033588571e-01
5.400786497359779670e-01
-1.000000000000000000e+00
4.902289212460264611e-01
-9.145002317300110484e-01
-1.944288840410081098e-01
3.983056154295655515e-01
4.409970542109253877e-01
-7.225448097990141427e-01
-7.881249148813360694e-01
7.761648893902449720e-01
-2.744944549567214231e-01
2.088512734707210494e-01
5.956418093259953084e-01
6.113296547020254934e-01
-2.722695510440058531e-01
-6.385020265806692352e-01
-2.709532762783012916e-01
5.930989010385473437e-01
5.953078813924246315e-01
-9.173293050228314982e-01
-5.483414026737474245e-01
1.000000000000000000e+00
5.920289492269796838e-01
1.837231624849956224e-01
4.986381705091791350e-02
4.475830004675818152e-02
2.460610063361428068e-01
