-2.731308717318278734e-01
9.530861906114940219e-01
9.318564829407884886e-01
-5.708503869907404216e-01
7.509329338332380033e-01
8.539601767738269622e-02
-5.636970426617456953e-01
-1.468128744675331609e-01
-3.616849709324383988e-01
4.632945260578157920e-01
6.130600662872296436e-01
-4.515910877532731127e-01
5.417362689800377940e-01
-4.536295211244100178e-01
3.959435048482149444e-01
8.678356097818880066e-01
-2.046666447317395110e-01
-1.672634624595190078e-01
-6.189153899386509172e-01
3.524245295923744137e-01
9.398704128166811556e-01
-8.041090589118407017e-01
8.561534362106877349e-01
8.665363419620429886e-01
1.711795424764075702e-01
5.292393864927360525e-01
-6.705142135484626342e-01
-9.225062177358059889e-01
5.432615568786037796e-01
9.034747612066997835e-01
-9.965547361488457101e-01
-1.902323225979857257e-01
-4.448662581945346250e-01
2.676195251432822442e-02
1.907946798215407191e-01
-4.426771676916330112e-01
-8.612094434946665489e-02
-4.664394521586265330e-01
-3.934831640370659023e-01
-6.163681288563814809e-01
5.038359708408305382e-01
1.095736364453121781e-02
-6.619712761401634893e-01
-6.117096395787573471e-01
-1.239155209331560259e-01
-5.729283714442879871e-01
3.413302373818228319e-01
-4.600848023793565611e-01
5.762464319015376812e-01
-4.940322926170626072e-01
5.722454326699906169e-01
6.199522143977285182e-01
-6.591921847592685513e-01
-5.551086808263727690e-01
6.627184432588852925e-01
-6.807560374278579518e-01
-9.553442214292250378e-01
-2.073169827945172405e-01
-5.417735588493459709e-01
-4.479694391260279906e-01
-8.428804347232070615e-01
4.216539213765523320e-01
-1.807203005114734751e-01
5.431757615942243156e-01
1.000000000000000000e+00
3.568783680324911223e-01
-7.741584538506349755e-01
6.629085859946119985e-01
5.123288792923931245e-01
6.760655624866052094e-02
-1.000000000000000000e+00
5.638299911565236577e-01
5.628215434117509464e-01
-3.081297875100511563e-01
6.985515583793592276e-01
3.074964708210810027e-01
2.372680255700154450e-01
4.987285011387803113e-01
2.516800718365086453e-01
-9.365623815127729901e-02
-1.000000000000000000e+00
9.507651895812498921e-01
6.479972356477567974e-01
-7.264103125745426937e-01
2.178482408644155655e-01
1.203669244725309728e-01
5.478872141876462987e-01
-7.323862535899573478e-01
-4.560807055371317587e-01
-2.088213669754930835e-01
-3.231618914343653559e-02
-5.049049113095334107e-01
-5.982344959902062831e-01
5.696337182254435083e-01
9.839745947102898072e-01
-1.000000000000000000e+00
-1.000000000000000000e+00
9.162138664648648012e-01
-3.552358159623955070e-01
1.000000000000000000e+00
6.254253049010960464e-01
4.986575248192433585e-01
-1.000000000000000000e+00
-2.097053728428417974e-01
2.028682282454834229e-01
5.483384906512878132e-01
1.000000000000000000e+00
-2.390139566103748336e-01
-7.868446203915901993e-01
3.002943676692584329e-01
1.000000000000000000e+00
-7.240502323147807173e-01
1.044360147623064061e-01
-2.124318927961115488e-01
-4.621210231402270163e-01
5.471079062679649052e-01
5.474852950872672874e-01
-3.058965567357786464e-01
2.215738390244966771e-01
3.476862405817697510e-02
6.460239752430352311e-02
-4.748000895096103902e-01
1.447306717545142896e-01
2.466620813499248444e-02
5.981463456156566050e-01
-9.702416163355207512e-01
5.728149423155404207e-01
4.255402939007091878e-01
8.745410228929109131e-01
-5.427819378320303256e-01
2.154210580796475649e-01
-2.649601353777143453e-01
4.090336288954403710e-01
6.125584162483521666e-01
-7.134307528639982632e-02
-8.865211401637028699e-01
1.000000000000000000e+00
3.259481352795948195e-01
-2.161941378112743894e-01
-6.275988048396944352e-01
-9.121668249541518003e-01
9.545214423758109357e-01
-1.000000000000000000e+00
1.000000000000000000e+00
1.920182983119499698e-01
4.729075282066736441e-01
-1.072482344119493614e-02
-7.949732169231091272e-02
-5.305771316554301897e-01
2.063275755181044890e-01
6.302808661516501321e-03
-5.698405833542707910e-01
1.000000000000000000e+00
3.729756143658776724e-01
-8.545004939233100671e-01
-6.179600557648997627e-01
1.503893127318386425e-01
-6.854963801923412703e-01
-3.311955526182772114e-01
5.996552064953450945e-01
2.865339842647457447e-02
8.062538403249703833e-01
3.872327136344410059e-01
-3.422481838049156178e-01
5.238490096883068325e-01
9.542814399532378866e-01
1.479933340839324485e-01
7.736406309430103878e-01
1.000000000000000000e+00
-6.254304772355011588e-01
-8.414459307095562002e-01
2.578071682273580523e-01
-7.661663358086024944e-01
2.501760424003918737e-01
-7.655920349722483698e-02
4.107773685113041973e-02
7.699428126634828840e-02
9.132750621342464736e-01
3.218580298042358345e-01
-2.144002146726122493e-01
-4.888082996406061254e-01
7.596842400599542744e-01
-6.722005053321492563e-01
-2.504671007540446581e-01
-9.615643950066868895e-01
-3.225338952842836115e-01
-2.798490895145714918e-01
-8.057216971668570427e-01
-4.500482625069001097e-01
4.856893287752410138e-01
7.686335172714908737e-02
1.000000000000000000e+00
-1.000000000000000000e+00
2.272135167109744502e-01
3.661590976160765121e-01
-1.631177266405137161e-01
-2.310930090489494715e-01
-8.650247346132491355e-01
-1.142199567073822197e-01
-9.001860484412971264e-01
-3.754649368312004687e-02
1.465989003952541392e-01
1.000000000000000000e+00
7.370978485790293799e-01
2.299862675931131084e-01
6.487501466372108672e-01
-8.445708849371394988e-01
-3.522200589327803555e-02
9.391747162311722130e-01
2.677322576969139167e-02
-7.082232351116724001e-01
-8.490317933620181723e-01
-3.022658093880977725e-01
1.000000000000000000e+00
7.331564701286821251e-01
9.223043464712068484e-01
6.497564398627905247e-01
4.058668875533119613e-01
2.270963061116746395e-01
-4.490808894946285434e-01
6.598729097860773773e-01
5.482229403611977858e-01
8.711231746724085179e-01
1.000000000000000000e+00
-6.445346833175943368e-01
-8.400498932550424236e-01
-1.183303051526531369e-01
1.766000205847468862e-01
9.187697225687287972e-01
-7.228016227631741675e-01
4.078331852387954148e-01
-2.158499371181304971e-02
6.813342836372016098e-01
7.184328549023453192e-01
5.570693165969013982e-01
-8.122588064077663761e-01
5.959732771017768327e-01
1.685278153738167528e-01
-5.293320147982061297e-01
9.955829108167739694e-01
4.633917465495890897e-01
-8.755910399107024178e-01
-1.835516475679584703e-01
-3.755042547160131750e-01
6.735551637773362632e-01
-1.183724259466501644e-01
1.322614708808836637e-01
-2.126441918019809085e-01
-5.405932634987220542e-02
-9.160954446391312844e-01
-6.948057162584483915e-02
-5.172852005217374316e-01
5.676457684752770350e-01
-3.607197768541159921e-01
-1.673309874668064134e-01
-9.380527218933752964e-01
6.340101728209281973e-01
6.331376043156392575e-01
1.060866355424159302e-01
-7.677819532855013618e-01
4.800222437517859264e-02
-1.000000000000000000e+00
-9.342854259693109120e-02
-5.062530636118003358e-01
8.876812349892043708e-01
