1.000000000000000000e+00
3.866399155878932903e-01
-1.395490404355033132e-01
8.514986441145852014e-01
-1.000000000000000000e+00
1.601337830435008991e-01
1.283444612654396355e-01
1.000000000000000000e+00
-7.438762897948534292e-01
-8.732209646183143326e-01
3.119253925586878973e-01
-2.638869531464723139e-01
7.696808175384772799e-01
4.397152027083945924e-01
5.496707032211738397e-01
8.490648902924691210e-01
2.811586658241712056e-01
-1.777156870622683682e-01
7.772834499172854850e-01
-4.149289954370944944e-01
7.213100702805148590e-01
7.617126649736359889e-01
6.866830940761697866e-01
-1.380786856183586209e-01
6.055065787266472599e-02
9.698316925885284157e-01
-1.000000000000000000e+00
-7.803539077911861854e-01
1.609499470623780848e-01
-5.226794432292032333e-01
8.726306897772594384e-01
3.465022113363588341e-01
-2.346839628453106230e-01
-3.055352569437108645e-01
-5.642781699806362905e-01
5.777481430854740641e-01
3.661892533193434884e-01
-8.586106239245114846e-01
-9.198682132077529161e-01
1.731614327394204178e-01
-2.744679264629990012e-01
3.989054507001532635e-01
7.902573799084207096e-01
-3.219502959096940398e-01
5.397150294833933382e-01
-1.000000000000000000e+00
-8.701365298104070112e-01
-7.716246824840553020e-03
-7.821048869301793216e-01
-9.714127444772666653e-01
1.293023721581686436e-01
-8.167683023465557302e-01
6.292078638833269455e-01
-2.942600950077314814e-01
4.050759364092680892e-01
-1.000000000000000000e+00
-2.080239634246325020e-01
-8.258922070666389059e-01
4.273137741914374566e-01
1.388065326158900437e-01
-3.323979249423387738e-01
7.723921214175082373e-01
-7.646375753098322292e-01
1.000000000000000000e+00
7.453149523585972380e-03
3.479087057891173118e-01
-6.290046333002698997e-01
3.332824715700766216e-02
-9.113361687385690413e-02
-9.945450698472774187e-01
-4.352476373524255537e-02
-6.861568232368392417e-01
-2.458484054247043193e-01
9.179539666678230292e-01
3.721083577596226988e-01
-3.414883567685832455e-01
-5.639314004108620937e-01
3.656045611972207898e-01
-6.317281108037346993e-01
7.469743158131801897e-01
2.181554497047260843e-01
-2.514659122040142636e-01
2.426534029186835639e-01
6.671101595500079640e-01
3.205965182185078199e-01
-9.443251069999420988e-01
8.156586481021932400e-01
2.072850701693738640e-01
-6.897227821122841052e-01
-2.995438553299454298e-01
-9.671799871337748433e-01
-7.557659282228457176e-01
6.332110888397209925e-01
-7.112516177301198006e-01
-8.089875271909968690e-01
-2.660639305114377295e-01
1.515565797735584641e-01
-1.000000000000000000e+00
1.509877859685565538e-03
2.226390127700223487e-01
-3.159544300360903057e-01
-3.670509159064742066e-01
-9.236248982462363921e-03
1.198409550414115121e-01
-5.354349268290863328e-01
-7.787290353483468097e-01
4.250412945302605161e-01
2.819898954345472775e-01
-3.121829746606858969e-01
-1.000000000000000000e+00
3.441090697065306014e-01
-4.685744309577296596e-01
8.220673575652395204e-01
9.190438701926731957e-01
1.000000000000000000e+00
-1.800799498833919321e-01
-3.523249054071211361e-01
1.336051382613268057e-02
-8.979251399732347538e-01
1.000000000000000000e+00
1.673889485159183732e-01
-3.112692696146104332e-01
-6.278285054125196663e-01
-3.991827430934594134e-01
-4.136788833915148733e-01
-5.740040124399230503e-01
-5.796107763031248528e-01
5.335475648242455904e-01
1.734254905068369212e-01
4.130539638705090777e-01
-7.081752088912643406e-02
-7.095349142311259127e-01
3.005849531720508061e-01
-4.061469451035627509e-01
8.761275119901348329e-01
-4.053144704249501129e-01
8.957365022342222982e-01
-5.539606981847227107e-01
7.680577103056631660e-01
9.159976838277300581e-01
-1.000000000000000000e+00
-5.685913977905818761e-01
-3.969647603175230355e-01
-1.000000000000000000e+00
8.064073296081275544e-01
1.734578119940093643e-01
-9.497960018870275078e-01
1.697192625698826229e-01
-2.428288464913213041e-01
9.829533909277256010e-01
3.800402515163833761e-01
3.331524500293464586e-01
8.481158758756784932e-02
-2.303581988688807591e-02
-8.890643132940425630e-01
9.483800677936990997e-01
-6.167136080839266121e-01
3.792508911509395730e-02
1.000000000000000000e+00
9.039725739381633263e-01
2.815899488283316598e-01
-6.135896491404443931e-02
-7.145921299556823314e-01
-2.794925765878693291e-02
-2.131416177185601613e-01
-1.319756497470076229e-01
5.451152811663836362e-01
8.675068344542097298e-03
3.519867107843354659e-01
3.938699458077089544e-01
3.670813459339057339e-01
-6.234024219829734648e-01
3.701442484896353968e-01
4.077932255430996578e-01
1.631630964214619839e-01
-4.045378033867650380e-01
-8.018969167036558154e-01
9.499745920688191791e-01
4.718259881893355767e-01
-8.824343311616436591e-02
-8.654685379817269597e-01
5.906966910653040914e-01
5.734809093356456611e-01
8.868507339361680897e-01
-6.135716022519471791e-02
2.978941545420407122e-01
8.279310754327058319e-01
-2.546106287635077625e-01
-8.849267357333359119e-01
-8.318259426128843392e-02
2.071590634516320695e-01
6.574340444641093573e-01
1.711506572469743692e-01
-7.789836449392512074e-01
1.000000000000000000e+00
-3.488073868220025742e-01
-5.947144967428453777e-01
4.550721534658394019e-01
6.388742035257350960e-01
-1.000000000000000000e+00
4.607847452477614181e-01
-3.004924318483635504e-01
2.556082669995152212e-02
9.743881840349603030e-01
9.094748308064678488e-01
-2.614723283704937784e-01
5.637367081482783648e-01
-5.161709577332457277e-01
-5.219833340278354772e-01
-4.749618025127927412e-01
9.322398816671969568e-01
-9.019176083210337369e-01
9.567748878385623490e-01
2.933890831729598636e-01
1.000000000000000000e+00
-8.551893458900198253e-01
5.677515822118299749e-01
-3.864259714777040222e-01
4.285344873025910273e-01
-3.523624535212436237e-01
-1.000000000000000000e+00
7.648722969526394744e-02
2.980100389558853480e-01
-5.565228839728086907e-01
-8.575941993939885100e-01
-6.096956246359154508e-02
-2.942282932360417713e-01
-8.009575713974486089e-01
-1.242598117739383140e-01
7.387328687078080769e-01
-8.675731675701257029e-01
4.263230080909682362e-01
7.709336050614561398e-01
-2.713242280609889923e-02
-1.983961681032188895e-01
-9.064639629341106897e-01
-6.923556082208826012e-01
9.947565998845513402e-01
2.008391506175288277e-01
-3.812851289534393562e-01
-6.066659463867395408e-01
8.221243767031876093e-01
7.664190542418624075e-01
-4.040312671329095856e-02
-8.392247126761432918e-01
1.669254046870071173e-01
9.364288539212128892e-01
-3.073719489368473279e-01
4.306623796903662482e-01
-8.595467105683097797e-01
8.754635387771310118e-01
-8.140320841769935201e-02
4.376220378558837165e-01
3.896843063604796820e-01
7.980198852174439361e-01
2.538564746095025026e-01
-6.858721053527566669e-02
6.888966031457737227e-01
-4.191225803690723506e-01
-5.981951355265913151e-01
-6.550433726064714968e-01
4.252953310783746943e-02
-1.092192449578999053e-01
1.684721821871837943e-01
1.744651926737622594e-02
