7.037281921936444640e-01
5.114800636812584234e-01
1.295918633705661349e-01
1.883063537292747891e-02
1.000000000000000000e+00
-7.274246002623590002e-01
1.000000000000000000e+00
-9.959170010160789399e-02
1.000000000000000000e+00
-4.919979259577900721e-01
-2.290411268072050366e-01
9.493059217077464140e-01
3.586681838310061821e-01
6.702315117159487468e-01
-5.650727656020974043e-01
3.567677841077559475e-01
-2.532914246000928515e-01
7.630362266675667637e-01
-1.811103632179067446e-02
1.000000000000000000e+00
-8.923694107961288591e-02
-5.838991205254313588e-01
-6.608402922164586801e-01
5.079253779272769886e-01
-8.925061897081552065e-01
-1.819958492075508805e-01
1.856714885743386279e-01
-8.715227337929884466e-03
3.459602035548343113e-01
7.491914943201354316e-01
-7.691224649546005709e-01
7.785558347032121018e-01
-1.685593641827333178e-01
7.979039729771514322e-01
5.569047818033713571e-02
-6.696221887444002707e-01
-1.522726819053634995e-01
8.637457737070388664e-01
5.728279482958886781e-01
6.021894441160483558e-01
4.183542302255269796e-01
-7.609890666011946969e-01
7.265385048053312200e-01
-3.913374521034529430e-02
-1.000000000000000000e+00
-2.383863381493745437e-01
2.448445043314741998e-01
1.000000000000000000e+00
2.217135907604678713e-01
3.642081367275030179e-01
1.000000000000000000e+00
-3.440662415513398575e-01
8.607281606380297045e-01
4.066829310258573971e-01
-5.729884057162017985e-01
-6.594416866359089635e-01
-4.309920318317418952e-01
-4.560965603543428726e-01
-1.942751774737677406e-01
6.227648264712650761e-01
-1.577559305489521224e-01
5.300189610310783728e-01
4.815302510832267791e-01
1.000000000000000000e+00
-4.431130174824360335e-01
4.717221249608795630e-01
5.471392199699869341e-01
-3.183879800703792173e-01
-8.437604546905437264e-01
1.000000000000000000e+00
2.050283038900411747e-01
9.605298871241129133e-01
-4.863917438414130379e-01
-9.127725265012718303e-01
-6.902212954202066042e-01
-2.669113342829699809e-01
-2.628724183411801363e-01
-1.000000000000000000e+00
-2.944544549587913562e-01
-3.973616019705998315e-01
-5.539789474798134661e-01
-6.065783352602559519e-01
-1.341198536735567215e-01
-3.939308434553934202e-01
-3.203359175111437640e-01
1.000000000000000000e+00
5.788276672094749831e-01
1.000000000000000000e+00
-9.194810626706015899e-01
-1.000000000000000000e+00
-6.363725742750985237e-01
2.693678964830475975e-01
-2.323795769620862761e-01
-1.000000000000000000e+00
4.742431814853033112e-01
-4.199225431319377755e-01
-5.996505767496052020e-01
5.630119765187501235e-01
-1.928141396616302461e-01
1.944164855517075408e-01
7.749495004744764159e-01
-8.034370312207289588e-02
-7.810025180956645663e-01
-8.258887471930687063e-01
-3.284380961747097594e-01
9.784547810289566661e-01
-1.000000000000000000e+00
-4.183241005471869389e-01
-3.707801889381349691e-01
6.459951740203844217e-01
-4.852303707231938462e-02
-5.521451678099411620e-01
1.000000000000000000e+00
-2.551919462860410825e-01
8.148470029447532070e-01
-6.981730393861804718e-01
-9.362537916626980650e-01
6.727115222182469267e-01
7.402733820010123922e-02
1.000000000000000000e+00
-6.922550763021645404e-01
-5.425295505685182595e-01
-1.833093625317921416e-01
-1.149176224877961061e-01
3.302812155015696360e-01
3.188667181605145950e-01
-9.555772819589596345e-01
-3.047096919212265442e-01
-4.465090237189421885e-01
5.478760694267688081e-01
-5.308975905709545362e-01
1.000000000000000000e+00
-6.526549360430087265e-01
-4.459778913289741964e-01
5.194323496461749068e-01
6.761881801543396797e-01
-1.000000000000000000e+00
-5.439495082858131214e-01
-7.705309380223043236e-01
1.184972458544104046e-01
-4.903043524305684686e-01
5.133951220708887764e-01
6.843973046037024610e-02
-7.012797119815193658e-02
1.000000000000000000e+00
-6.461057659420657018e-01
-5.589048168892385426e-03
2.713032012914983748e-01
-1.000000000000000000e+00
-2.199488508965051492e-01
4.115240982084157895e-01
-9.370911091525467862e-01
-3.396937042359123859e-01
-4.096181274702807018e-01
-4.995382108108226693e-01
-3.713359397996812694e-01
-7.333642907153250512e-01
9.211429635325998344e-01
7.554080258852041707e-01
-7.327585209096756369e-01
-2.135754818157295232e-01
-9.357237451264588390e-02
5.488423120754961637e-01
5.063890925520884156e-01
-6.474245402146074913e-01
-6.728469702037861433e-01
4.752306021285257476e-01
-2.582015665006908156e-01
2.059337703094706318e-01
-1.259078599119082265e-01
-9.025174770896320364e-01
-9.340642206106525292e-01
-2.755216996907139393e-01
-1.444199632898473251e-01
2.683968645814782672e-01
9.673213021483484386e-01
9.394425087381159667e-01
1.690179547719280195e-01
-1.939104223728856380e-01
2.924968818868253218e-01
-4.628135255757854782e-01
3.257068728450102091e-01
-5.361413662205104513e-01
2.104392892575414897e-01
-2.997170820972568928e-01
-8.932558011220850247e-01
1.000000000000000000e+00
-1.000000000000000000e+00
7.726388547382345706e-01
5.326123723526647868e-01
8.694661371737107125e-02
1.858362015543735257e-02
-4.914790300506618470e-01
1.000000000000000000e+00
-4.036368558768389514e-01
-3.651236977306532294e-02
-7.097762743305499056e-01
3.996053290283730353e-01
-2.266776641592166963e-01
-1.371981299682906164e-01
-6.746738434772535653e-01
-3.053833061006892557e-01
2.795779838391428962e-01
-9.301728590595178536e-01
4.973948420899835798e-01
-4.302511412993176299e-01
-2.427341144157899866e-01
5.460524763405316673e-01
1.566177053343204006e-02
-8.488417236091000406e-01
-4.330431491335738348e-01
2.443147693095464312e-01
1.965904627461939613e-02
6.275603441359220991e-01
-1.306542253884468985e-01
6.387875309706623206e-01
7.053674946533119439e-01
-7.022904744628241658e-02
-8.020885738369480933e-01
-5.668873697251284316e-01
6.019671347933458483e-02
1.000000000000000000e+00
1.000000000000000000e+00
-3.834179466406569259e-01
4.679042263558232384e-01
1.506377648119667789e-01
6.188833789332068847e-01
1.902227649411353805e-01
-5.391517287078197995e-01
-2.060957164010664144e-01
5.534729425827460414e-01
1.000000000000000000e+00
-9.378300182080416825e-01
7.840546667096324196e-01
1.158531791231229846e-01
-4.289972823207306440e-01
9.177821980824820702e-01
5.165555673357195010e-01
2.087791906433449363e-01
4.667721862930496179e-01
3.179192536681968440e-01
6.549538906613270317e-01
2.515658045806546950e-01
1.947057334274773510e-01
1.948735380985838761e-01
5.593536805860377381e-01
-1.000000000000000000e+00
8.079955163771967985e-01
9.170599119805687982e-01
6.671942274388915628e-01
-7.233551969696231376e-01
5.102995458598288403e-01
3.670083460936882647e-01
4.757542902843386878e-01
1.963258944952238350e-02
-3.673463929181814969e-01
-7.327932926788949253e-01
6.499169510591777943e-01
1.702890990657301429e-01
-1.343232155322360288e-01
8.265288481822741229e-01
4.272481781239696463e-01
-1.000000000000000000e+00
3.979915966421882501e-01
-5.324015018404587574e-01
