3.725122385083079468e-01
-2.377564672618199815e-01
3.852424198012891488e-01
-5.308080588256911536e-01
-9.695160121892687499e-02
7.640337131993293340e-01
5.600822639246532120e-01
8.554183759031437351e-01
8.062287031141548432e-01
-3.970649162720860659e-01
-7.322075714898081955e-01
-2.668219193465937167e-03
-7.319147635228069326e-01
3.235807540981618935e-01
9.040642320793179643e-02
3.548425584963039725e-01
-4.911192134417012856e-01
2.252508246646867107e-01
7.068472280771467275e-01
-3.805971691267195922e-01
-3.547559778459647983e-01
-3.445464084879035216e-01
6.882652465141061437e-01
-7.302050678876617074e-01
9.786918360970855435e-01
7.571330607518582667e-01
3.417090960001103461e-01
8.403633685150884158e-01
-8.780812828605637499e-01
8.876977064608664314e-01
2.365290876173955503e-01
3.384984992071697896e-01
-8.316602330259244003e-01
-7.765387200431346226e-01
9.176959826256894104e-01
-5.033461631220383925e-01
-4.451738869177686020e-01
3.955160416680967295e-01
7.579288783444362299e-01
-7.856594252517721255e-01
5.451873182373190296e-02
4.015011056826225389e-01
-1.229942755927504461e-01
5.691678484229003576e-01
9.622398987056668407e-01
-5.519725999021316554e-01
-1.411332522269672651e-01
-6.555026736292326461e-01
-8.703190617284597419e-01
4.655040102665077839e-01
-4.679524821847129701e-01
4.868475861646150982e-01
7.544331719015342497e-01
-6.451944009216845632e-01
8.570968117350188376e-01
-2.379596839280508913e-01
-3.033832860070906356e-01
4.830776618872687500e-01
-2.178408207265798424e-01
-6.911588580959431294e-01
1.438917167353659377e-01
-8.718334262857296846e-01
-4.929172799677106198e-01
9.152107265401432379e-02
9.126670311757436593e-01
-7.740498874872769886e-01
-1.038923042432220445e-01
3.080510560149620769e-01
7.879099714119155440e-01
2.536873495964142577e-01
-8.804528129580857509e-02
5.503786745601142449e-01
5.766162209572778252e-02
-8.283398440091738202e-01
-4.773486823439561100e-01
-1.344660687037777524e-01
8.338855319271099020e-01
-8.317792243280461850e-01
2.924598422177315804e-02
-3.556413867023588971e-02
9.205261140350651239e-01
-8.329104463211534082e-02
-2.187186536428209482e-01
-1.570022825677206413e-01
-6.957440398180014807e-01
2.228419003774138041e-01
4.636765893346039835e-01
-2.000128185176293094e-01
-1.289127393515330233e-01
3.219946463281453397e-02
-7.322496503653603828e-01
-4.645469213394632924e-01
7.619099842872845141e-01
7.388167110681065353e-02
-1.335224675687762819e-02
7.188173667589221605e-01
-6.976136003290056564e-02
2.743541893998227010e-01
6.928196930570145184e-01
-6.389391067038867611e-01
-2.971576113034197775e-01
-5.122955458785662941e-01
-2.520004397535302587e-01
-8.208712712355417107e-01
-9.755077520217136922e-02
3.684224242682903050e-01
9.258109118289072903e-01
-1.668054532365204068e-01
-8.112749529238394430e-02
8.693774574055028737e-01
9.683370590252657895e-01
-7.053117147527125930e-01
9.428333141825901986e-01
5.130799525284079898e-02
7.750287846316450402e-01
8.884427768597427111e-01
-6.246667946466366583e-01
-4.848504019330410753e-01
-1.113270734897051639e-01
4.472567692607058998e-01
-4.886162283071215917e-01
-5.785202436380720847e-02
8.447449834620048836e-01
2.793713968675450854e-01
-6.650212049575174866e-01
-1.121373468051445332e-01
1.860373887514270574e-01
4.999020063998957930e-01
-1.983079924369561819e-01
9.702440088006136776e-03
6.363267338196159084e-01
5.257918997137458472e-01
-2.458895959678613075e-01
4.095452964319128419e-01
5.503440630769032005e-01
7.353813247999330116e-03
-4.698421056645838423e-01
-1.068480369332622804e-01
5.473649589807085825e-01
-6.627877587735457876e-01
-1.732774804343673036e-01
-4.328473942691173360e-01
-3.244628324812921516e-01
-4.676150940055296967e-01
9.862841643284747661e-01
3.274005144393110633e-02
-8.296955126737033392e-01
6.167820428117649634e-01
5.780077618376933124e-02
2.183659937347262048e-01
2.014996469173533367e-01
7.290970198802626534e-01
3.707245766112836627e-01
3.069095980385334599e-01
-6.216495648788584738e-01
1.764719758216946044e-01
-3.197843090541887534e-01
-9.443206316548822254e-01
9.559468878758305976e-01
8.624661958477315427e-01
4.830408925049733959e-02
-7.124238271960801061e-01
-5.604905909740831582e-01
-7.835045355950565060e-02
-9.156752012017854714e-01
-1.842612239980752076e-01
2.250221123962625747e-02
-2.073409487641648674e-01
4.747764717187741290e-01
4.739277828750276811e-01
8.418799690068421437e-01
-1.763091059519694692e-01
-2.663807507069144709e-01
6.594046388612651022e-02
-5.882369712702995024e-01
-2.785451821612048295e-01
-3.523323328090790518e-01
8.671274805512940720e-01
2.692283165691267133e-01
1.967833911147640613e-01
-9.935095305760923701e-01
-4.387904447346564485e-01
3.890644994842962223e-01
-9.829872497328393521e-01
8.226884882807923294e-01
8.018684987537643138e-01
1.134087937614070007e-01
6.805888896434746371e-01
-8.553187512037361273e-01
1.206119630704631795e-01
5.029308512834471667e-01
1.159638525747213045e-01
3.092229840970297516e-01
-3.407167771060455319e-01
-5.527941395360591592e-02
2.742087973433315895e-02
1.875367472489013476e-01
-9.568021642562130058e-01
9.233332751871801136e-01
8.648536092923844176e-01
-6.520288275937551337e-01
-2.180603435987289451e-01
-9.178788547755127869e-01
4.540729417446209837e-03
-2.423392714963037431e-01
7.673470913727939990e-01
8.845404255812292504e-01
9.010622934172634046e-01
-8.411162028806518087e-02
-7.731090731031584617e-01
4.950296152607847056e-01
-5.333132971559284563e-02
8.611936137561637672e-02
-9.463178906672431445e-01
-5.078590770658817366e-01
3.442263348963625624e-01
4.223215640855184638e-01
-3.059000034620096287e-02
1.724182922863066736e-01
-6.856602170486794101e-01
5.936916554461040274e-01
-2.587860065143001709e-01
-7.519790956283129990e-01
7.671933333102702868e-01
4.227847875310042358e-01
8.870521592528830546e-01
-3.470361558624579512e-01
-9.510104972151878222e-01
-4.769577461711163036e-01
6.161608306880645980e-01
-6.195786275902350759e-01
-6.531756961749330959e-01
2.818377624464167841e-01
-4.847338602435926624e-01
6.765115093302198623e-01
-9.586072688497404570e-01
-6.885550104032478469e-01
1.057159050549105750e-01
3.617516608761859320e-01
-9.660482712145599393e-01
-6.899687622885113392e-01
-7.506833326718855837e-01
-1.029730064696334768e-01
7.189827405146260730e-01
-1.454962865255773341e-01
8.620186672123422156e-01
8.217328262559013830e-01
-5.165332745276927096e-01
5.835613611095169517e-01
-2.006581190841312257e-01
-4.541693363660033178e-01
1.248166323535222499e-01
4.442808874003625341e-01
5.036765422705791195e-02
3.579799624777475486e-01
-9.129012874800930266e-01
1.504404869522451005e-01
7.984907850307425559e-01
5.873036245074383377e-01
-9.712831198947631250e-01
-1.681476313243619458e-01
4.529151286362893547e-01
-1.577847074922120729e-01
3.078591131441243967e-02
-4.959316847771566561e-01
