-4.275076692469044204e-01
4.107151493808097187e-01
1.538992313277492419e-01
1.000000000000000000e+00
-2.738642915360667285e-01
4.105325842591197039e-01
-7.100595326606141677e-01
9.256708225474709062e-01
-1.000000000000000000e+00
-6.409017629136929406e-01
1.804646679390332631e-01
5.208304075344325490e-01
1.000000000000000000e+00
2.840693182742725087e-01
-4.327580138667079246e-01
-1.000000000000000000e+00
-3.032251425041030957e-01
-9.586786429272445842e-01
-2.836412203033347179e-01
2.858481022587575637e-01
-8.887400858421989902e-01
-7.814155698988808352e-01
8.543916941922942154e-01
-6.424906930940497973e-02
7.385827936761378554e-02
3.657966909648597831e-01
4.358680923807148888e-01
7.053887133338218041e-01
1.000000000000000000e+00
-6.548907809121530255e-01
-4.945285830252033055e-02
1.899955024748233301e-01
3.472905930307346178e-01
9.946546071833746172e-01
1.414951403638564087e-01
-3.607371960256836596e-01
-2.149966626872521214e-01
-2.603446404126113500e-01
7.744616643006445589e-01
-5.611376744840301800e-02
7.557062772434530729e-01
-1.134724670464538898e-01
6.933773003433587601e-01
-7.666957523443704847e-01
3.592889550511832453e-01
9.929776794870749379e-01
-1.187997460151114654e-01
-8.816973345952451302e-01
-1.000000000000000000e+00
6.697957521025299510e-01
-8.603331298682687089e-01
3.507113694928397085e-01
-3.958158837537404384e-01
-2.342343528633372418e-01
-7.978939340464504815e-01
-3.684412562733498375e-01
5.851317081247791041e-01
7.448611090339556373e-01
1.535053561393675270e-01
1.000000000000000000e+00
7.208356193415002000e-01
-6.157735613801724739e-01
6.268187957766977458e-01
-5.239439080497777512e-01
9.171565257829561446e-01
5.492985687306615183e-01
-7.595145705008574666e-01
-6.556632843965359836e-01
1.000000000000000000e+00
-6.018634104068892182e-02
-5.199919859606425554e-01
5.344952513591320065e-01
-3.126627777335902469e-02
5.591864023596445632e-01
9.241168907587438142e-02
-8.952697385858192636e-01
-2.218918011183715344e-01
1.049306285483985746e-01
-7.244850855930116129e-01
-6.200871343019769694e-02
2.674130020889090020e-01
-8.029694492253003357e-02
6.578558617377680551e-02
1.030755766824371644e-01
4.815212549187610769e-01
-1.434451216305961396e-01
-3.571476389031318366e-01
6.443823802895172481e-02
5.231275396946610812e-01
7.077488019690914012e-01
-1.077490072374012592e-01
8.946847653649340204e-01
8.159012297639798295e-01
2.901445094540016645e-01
1.243225629757621353e-01
-4.036405054026561690e-01
-1.848111349619885324e-02
1.657429451583916358e-01
8.260143710267098260e-01
-7.309250175180120879e-01
2.409450053469264219e-03
7.002221650158065858e-01
-1.264433592532423004e-02
-9.338200298306014169e-01
8.348772108185781304e-01
3.535603868342448441e-01
-6.413091132812979156e-01
-4.139607558277278443e-01
3.892939902838411514e-01
6.419001515605333719e-01
7.291932863087718930e-01
-3.308305103681823400e-01
7.344354761548882449e-01
8.644364535580987274e-01
1.615463935640767956e-01
5.803560640477795074e-01
4.653654814108985072e-01
-1.875267264894653896e-01
2.698529977601286101e-01
-8.619862613593251011e-01
-4.861112133416559677e-01
-7.251850881563970397e-01
6.714667671572115415e-01
-1.150224034602984891e-01
-8.996310668152251999e-02
4.898017072785602055e-01
7.450890956086972938e-01
2.313393107942182669e-02
7.120424608583717507e-01
1.124288353580599198e-01
3.460818676914542147e-01
8.929651013424921846e-01
-3.493620407012231616e-02
-6.992918022843095383e-01
1.470039312047712321e-01
-3.097595420867919058e-01
6.301232988249310107e-01
-5.205926535308627034e-01
-2.039293296609915873e-01
-8.870182870731737612e-01
-1.000000000000000000e+00
-2.516328535603031269e-01
2.468827980874508388e-01
-3.157812509484519969e-02
-6.909117269997779864e-01
-6.714889195773293684e-01
-1.216811381082822385e-01
6.062568906352545639e-01
-8.850341148740096253e-01
7.350871165351877679e-01
9.513074183480149104e-01
-5.037727594298825329e-01
-1.649153246770845849e-01
1.074186180754033160e-02
5.233095430955773120e-01
-5.216552652924313360e-01
9.628943514846212137e-01
3.702854549038385734e-01
-3.326438942777260599e-01
9.266655355176487419e-01
-2.979142857098935337e-01
-5.240206790532957459e-01
7.690567810312113339e-01
-2.277350758133053488e-01
-4.661897468444969883e-01
-1.000000000000000000e+00
2.965586779777557580e-01
-3.447173570245127272e-01
-5.547881811946887565e-01
-2.233596314546070771e-01
-9.779657239014246661e-01
-9.500631881367648246e-01
-8.120078364768614776e-01
5.329011097406201047e-01
-8.310686844595288614e-01
-7.903510267798428135e-01
-6.301742406691634990e-02
3.623264359529620449e-01
-5.847423405132399221e-01
-3.627191538951248795e-01
1.524962360530726646e-01
-2.606673213755201779e-01
-1.108033087401975592e-01
-1.270104805349558941e-01
-3.507368751187617262e-02
-6.680700279214000226e-01
7.043976783211147730e-02
1.219966038102448525e-01
7.530821540956129656e-01
4.764962895081740202e-01
1.631606364778824814e-01
3.878470948269884255e-01
-3.313925225143317110e-01
-1.000000000000000000e+00
6.681225554877545658e-01
-9.378312258138703505e-01
-1.064037642931180416e-01
9.228073232355409328e-01
8.956032399327337745e-03
-1.000000000000000000e+00
2.814163518831966360e-01
-4.251473146572731787e-01
-5.625920301802257439e-01
-6.436195956149598496e-02
6.838757270330135807e-01
1.181293382739962983e-01
4.478323415098121041e-01
3.885620588971836487e-01
1.255927451837129394e-01
-4.063807153392810512e-01
-9.360862173344675075e-01
2.703092534251962942e-01
-5.279446328186044868e-01
-3.144637050921076926e-01
-7.387624492300172152e-01
-3.232731340614648508e-01
-4.025583034967517015e-02
1.000000000000000000e+00
-2.759458988709847516e-01
5.548999385926841610e-01
6.330245789146482505e-01
-5.096935264103559238e-01
9.187498862169176661e-01
1.737602427681655959e-01
1.000000000000000000e+00
-3.703596252417910017e-01
-1.000000000000000000e+00
5.497357746610399554e-01
-1.208157175142898776e-01
-1.000000000000000000e+00
-7.573675988287276173e-01
-1.000000000000000000e+00
1.202601100389835698e-01
-3.429853689983509701e-01
-7.160281562961926527e-01
-3.340254545675387932e-01
9.663729785325807509e-01
9.674680765048984110e-01
7.146822094438853856e-01
8.392922724823170810e-01
-5.384965137173902683e-01
8.256220712054090916e-03
-5.044390737875781294e-01
2.622814267490746198e-01
-1.000000000000000000e+00
-8.538236124438583485e-02
5.018891163592608118e-01
6.015606917377658291e-01
9.362437259200784290e-02
1.709512286734751474e-01
-8.146105274078361269e-01
-5.620492971024091400e-01
-4.178201944193721817e-01
7.707245545848520063e-01
-1.000000000000000000e+00
-4.983603114453064031e-01
7.343168897939500450e-01
4.792169221443042249e-01
-6.498986621749224257e-01
3.557284681104437851e-01
-1.000000000000000000e+00
3.077663382882636633e-01
4.475457884743152537e-01
-3.041225789839641092e-01
4.376458350930009233e-01
