-4.634452899559380334e-01
-3.231200632386952432e-01
-7.538007937674302550e-01
5.657106949195256362e-02
2.648573852900750203e-01
3.019500744877712251e-02
1.336921271283686430e-02
-9.747321734231527701e-01
2.660342049599861425e-01
-7.142928396294756510e-01
3.615882219905639516e-01
6.151820708219408740e-01
2.436069853046489708e-01
-1.000000000000000000e+00
6.347246224539719872e-01
3.156198872926024857e-02
8.553910970775421285e-01
-6.470876198510817912e-02
7.578213496739699684e-01
-1.659351604694566662e-01
-1.822744616062396961e-01
-4.826570135759388203e-01
-2.722122763501519382e-01
7.420653541520816354e-01
1.631100338712257458e-01
6.490008910992172142e-01
-2.731261504710767729e-02
-3.569343887071774191e-01
5.643096049910822920e-01
3.065098791170933201e-01
-6.576030530797314366e-01
1.000000000000000000e+00
6.690751900731670698e-01
-1.145661162680690071e-01
-9.552003394765121724e-01
9.549847387460811410e-01
7.305463166269205999e-01
-1.000000000000000000e+00
-7.919550265395614019e-01
1.652184872621139111e-01
3.297917100153412440e-01
-3.568482522773594456e-01
-7.400564710871369023e-01
-1.000000000000000000e+00
-1.484347408836692306e-01
1.000000000000000000e+00
-1.044341431433506162e-01
-1.000000000000000000e+00
-6.438298026239566152e-01
1.885248807107670344e-01
4.571309176662975982e-01
-8.451647281467221662e-01
-4.765269730473580823e-01
2.891251508485883082e-01
-3.944016673429601161e-01
3.772649716266283093e-01
1.186873945723966733e-01
1.739652251279176776e-01
-5.932253078801362767e-01
8.840534721065559376e-01
-4.069150756849901351e-01
6.379364107606816381e-02
5.947314022038852066e-02
-2.670462729826020287e-01
-3.765261633642995598e-01
-7.137464155622248452e-01
8.600475186838250075e-01
-1.000000000000000000e+00
-1.000000000000000000e+00
-1.779734475312713671e-02
1.901538162198295745e-01
1.087151577705406102e-01
-2.278536496457454485e-01
1.573789798355234582e-01
-7.803101624958858062e-02
-9.379073687085824895e-01
3.385125286290252555e-01
8.199281186800126964e-01
-1.516665962155800962e-01
-3.674944057778378737e-01
-1.000000000000000000e+00
-7.119679227210472527e-01
-2.445067166872579856e-01
-6.320470235093196276e-01
3.531910783006171339e-01
4.497294049101811519e-01
-1.000000000000000000e+00
7.731426401436866103e-01
9.733621930698662661e-01
7.114928369084737581e-01
4.660326666636506188e-01
-4.165660158253124967e-01
6.779274817964792144e-02
-5.782932542125918118e-02
-1.050548450838679759e-01
5.527046336322045672e-01
1.535371348351252385e-01
1.000000000000000000e+00
-6.442583400902818225e-01
-8.567707418487222615e-01
-3.556352680671535649e-01
7.420773203007380303e-01
-1.000000000000000000e+00
5.819869198208369454e-01
-9.449223468146504823e-01
-7.768924474007081749e-01
1.000000000000000000e+00
7.658476405882862492e-01
-2.610538844291583893e-01
5.029580271765332622e-02
4.035479743593587409e-01
-6.926354204262048508e-01
1.000000000000000000e+00
2.322792051139255798e-01
3.867433072509204317e-01
-1.334476317741522255e-01
-1.900675975505768944e-01
8.404070819076753240e-01
7.336156438809846581e-01
8.080085980795723710e-01
-3.440673192043523509e-01
-6.907628020154047421e-01
8.564273672792309666e-01
-9.598241087001572192e-01
6.660357803736456361e-01
6.141984939547973088e-01
5.470659165690112680e-01
1.324982610845827358e-01
3.537500985354671834e-01
-1.457883507422915170e-01
-1.671461364774764480e-01
5.523205392523028445e-02
3.179138323083373074e-01
-5.918125454213838399e-01
5.358096763003757923e-01
-8.151840320972364440e-01
-2.148155283922684178e-01
1.811102275307134302e-01
2.170588081631190103e-01
9.119748861569482168e-01
-4.706151370976760506e-02
-9.086611613959951761e-01
-5.044382454455790393e-02
8.224206819198152107e-01
3.292536566788955010e-01
1.294159759416050604e-01
-8.348473539806622323e-01
4.281217539630557400e-01
1.564158101363542080e-02
-2.975472231681795532e-01
-1.000000000000000000e+00
-4.039236759029907198e-01
-8.335004883110193052e-01
1.000000000000000000e+00
8.403583176557360979e-01
-7.002758286287249501e-01
-4.292375558077727304e-01
-9.319332370725244008e-01
-2.267094329984028211e-01
1.000000000000000000e+00
2.508477433713463545e-01
8.852277245395076544e-02
5.671299165004617393e-01
-6.239638353976839635e-01
-1.000000000000000000e+00
8.160079082833449071e-03
-1.000000000000000000e+00
4.094099819847177302e-02
2.178259270127188285e-01
9.524217582549900918e-01
-8.822220503302835581e-01
-1.143282805561339627e-01
-5.591161725188367182e-01
2.155511752490197885e-01
1.155499491411891844e-01
-1.000000000000000000e+00
-2.906513298097324061e-03
-9.378494489376831833e-01
4.482651089980642656e-01
4.484056592957414988e-01
1.000000000000000000e+00
-4.161976923740564605e-01
-1.000000000000000000e+00
-3.223631697857441969e-01
-5.026031613381822805e-01
6.703771210353343113e-02
3.479617615733087144e-01
-9.514136429922745997e-01
-6.609763865949512818e-01
9.569620150908019207e-01
8.900504443202826854e-01
-4.085224818279637460e-01
-1.210404048481242972e-02
-4.562957729977616950e-01
2.779464403138186615e-02
3.726667079926101467e-01
-4.293558018063775572e-01
1.000000000000000000e+00
-9.277976236627101247e-01
-7.063925940989023156e-01
4.629075070570454198e-01
-5.862152296595772860e-01
-4.908634897042275791e-02
-1.000000000000000000e+00
-3.611322114982384313e-01
-6.060979360683564909e-01
-3.988980970385507807e-01
-7.457900808734474474e-01
3.419599502517037815e-01
7.060062212703654971e-02
1.000000000000000000e+00
5.977897761322292780e-04
4.819369996892765018e-01
4.051913641001949618e-01
-6.742955004947806530e-02
3.486215757460864317e-01
3.770201922289047047e-01
8.393701700562096191e-01
2.044488263026615904e-01
-7.763879654521418372e-01
-1.846180630648944498e-01
5.378431314369032101e-01
-1.564008739869144904e-01
5.260813466416754819e-02
-7.498946352352044986e-01
2.584486815088014033e-01
4.496232084139113461e-01
9.908305006318497421e-01
1.000000000000000000e+00
3.106118706031557597e-01
7.337944943787133578e-01
-2.525154871849967786e-01
-1.584960601589483487e-01
-5.233480640808023665e-01
1.000000000000000000e+00
-5.155013586174754803e-01
-7.404323088193033309e-01
-7.321381558549000523e-03
1.458314518387771042e-01
-8.367908514864694780e-01
-9.322001388107959974e-01
-5.462236437370446840e-01
-9.731085544379125540e-04
-4.040797375104757116e-02
-3.654905628299401910e-01
-3.052855474104798073e-01
1.000000000000000000e+00
-3.358688635376461673e-01
-7.337225650071004246e-01
-9.476972444142068852e-01
1.073377641245540914e-01
3.106518254805942791e-01
-1.451662706341799447e-01
-4.980168464661840488e-01
6.475245239416977938e-01
3.110310962472410123e-01
2.096740934983279958e-01
-1.000000000000000000e+00
6.166771093644032309e-01
7.472297234532299104e-04
-8.354438478548458225e-01
3.195687084753626173e-02
2.186377781346725002e-01
6.630998291205774109e-01
-3.047768232211349737e-01
