-5.781143250463930405e-01
-1.191831953079184603e-01
2.959420467715687675e-01
-8.539922655714601296e-01
7.728137155479860576e-01
-1.292699496718015817e-01
-9.410396379875843320e-02
2.897699284598487246e-01
-1.000000000000000000e+00
-8.350039383376207658e-01
-7.588618600781716905e-01
-4.618925067989386735e-01
1.033330244581675134e-01
1.876564807494263132e-02
-9.862012583307245839e-01
-2.588184618447778029e-02
-6.377069374921001677e-01
9.714351962555878295e-01
-5.615999703362514195e-01
8.647288168075332182e-01
8.577651463549270661e-01
-6.903579534566873788e-01
6.720914264907044966e-02
-7.701935757571189978e-01
5.725112125677382924e-01
-1.000000000000000000e+00
-8.787413730129113310e-01
-6.747935540821016209e-01
-2.770026783650945679e-01
3.816743653398793068e-01
1.877872158796936308e-01
6.614084123289851735e-01
1.000000000000000000e+00
-4.971761497725721290e-01
5.965721476377027210e-01
8.455038518862956209e-01
-5.384658676850266890e-01
4.629096155286841485e-01
-5.995803819560744374e-01
-3.597700327847086488e-02
6.478038026669881155e-01
9.302410888763382735e-01
4.057076210868604815e-01
-3.663567604690764479e-01
-4.774655242793389709e-01
-9.267054559217471343e-01
7.384650138555354237e-01
5.724540211133709589e-01
4.781737568960259255e-01
1.000000000000000000e+00
6.207025123282130519e-01
2.580630652027631200e-01
3.911644397019836128e-01
1.499536911166733100e-01
-8.771392086307995273e-01
8.073555004672664515e-01
-1.476343102444504507e-01
7.949413568282881482e-01
-4.754347292052246710e-01
-4.762155142203949865e-01
-1.000000000000000000e+00
6.591566417262429978e-01
-3.182049527725486771e-01
5.051791830906264824e-01
-4.841833579864365800e-01
6.045584672083165190e-01
2.354996839090635896e-01
4.675523175747730020e-01
-2.110501315246188780e-01
9.535867881600463836e-01
1.000000000000000000e+00
-2.269097145113194158e-02
2.869831164468880091e-01
3.999883468423846011e-01
-2.946277427132866222e-01
-2.257673245173107412e-01
7.746623803725920521e-01
3.975343637202288782e-01
4.853351305223466694e-01
-8.859332105978872107e-01
3.621806324022632806e-01
-5.043792250959535650e-01
-7.707223693371806350e-01
-8.684880579749648666e-02
-5.519009957711437098e-01
8.814907093159780604e-01
4.961832459210846480e-02
3.577008461427634289e-01
7.834474908535079551e-01
-3.434184302503515696e-01
-8.658000539455458222e-01
-8.896150094677357512e-01
5.655594242284635031e-01
5.699463630256242919e-01
3.564159854878151679e-01
2.629740169868628463e-01
6.749343724409931911e-01
9.954448987799667803e-01
-4.837685456506296000e-01
9.798439810911747649e-01
-6.998845552983028462e-01
4.757928928866517193e-02
4.969210516103528263e-02
-2.096013990290077067e-01
1.000000000000000000e+00
-8.764324230464832777e-01
8.285590981726643767e-01
1.000000000000000000e+00
-6.477397224439285228e-01
-1.000000000000000000e+00
2.345799710421552220e-01
2.161296903951014092e-01
5.716776292062306641e-01
-3.067264853803948199e-01
-1.000000000000000000e+00
7.576998536693712039e-01
4.471834388044770847e-01
-5.664499093762505044e-01
1.000000000000000000e+00
4.349984426771362767e-01
-6.771930508274975891e-01
-3.209091927061432092e-01
8.535056342757529890e-01
1.000000000000000000e+00
-1.000000000000000000e+00
3.374933111858118284e-01
-2.104187400953345111e-01
-1.000000000000000000e+00
4.560777989992811365e-01
-4.861437592684870190e-01
8.583445144606061117e-01
-8.542356240377771970e-01
1.703769901965503653e-01
5.682915289456117458e-01
5.395421101100237454e-02
-1.304497792178480053e-02
5.710380038177467199e-01
9.575175946576222619e-02
-2.883057943476824980e-01
3.657296633009574083e-01
8.102772926111776464e-01
-3.212776860294215275e-01
3.954116996291572317e-01
6.057082032028043850e-02
-3.571273586676428358e-01
5.430795459944709469e-02
8.168704731699532040e-01
-2.487009407833819519e-01
-3.606173017331473774e-03
2.580767117553293133e-01
6.967673187434136883e-01
1.736474308159194901e-01
6.466002599048769062e-01
5.059353168635503939e-02
6.805688564213154823e-01
1.718990162175647318e-01
7.894355167967170850e-01
-1.000000000000000000e+00
5.479597160752830431e-01
3.300607645227242593e-01
2.347613086353932954e-01
-3.614208870422237485e-01
4.953286926514489652e-01
-4.265655919510652483e-01
9.441250771637445249e-02
-4.735364517211518853e-01
-4.020630858877558556e-01
-6.277700463098796479e-01
5.681190991921045153e-02
7.704592485259998957e-01
-2.106429935989738433e-01
-2.700118647784668369e-01
-8.479195650690796171e-01
1.000000000000000000e+00
5.915230478905825207e-02
1.000000000000000000e+00
8.372109617259438918e-01
-1.000000000000000000e+00
8.549038848222565434e-01
7.553243681095489492e-01
-7.115175058155676080e-02
-6.322973446316777490e-01
8.636071325520904285e-01
1.000000000000000000e+00
-6.793918421351610171e-01
-6.395769250084767377e-01
1.000000000000000000e+00
-2.364452764507585791e-01
-4.112994567978739413e-01
6.603695244389310437e-01
-9.887694518574376978e-01
1.000000000000000000e+00
8.514481398003812540e-01
-7.072181185591901453e-01
9.207061669058425046e-01
3.149540994753239898e-01
6.446019721967286009e-02
-8.690862474402266669e-01
-5.454045003120893131e-01
-5.348090899088905337e-01
-6.337437211169621998e-01
-6.650471187803903561e-01
-1.283665163631443340e-01
-2.334235618476528384e-01
3.355685359587635697e-01
5.762894077140813254e-01
5.379199231481646137e-01
5.533522971387067058e-03
-7.093422606790713569e-01
-6.614048315751577811e-02
1.648847293365175160e-01
-2.568370290028325620e-01
1.954585028531709012e-01
-2.725453478718626865e-01
-3.576638029859858792e-01
3.243688890273017100e-01
9.083081446330024677e-01
-6.918382601071944027e-01
6.761205548415585298e-01
-8.100493611713738273e-02
-6.303657615378237544e-01
2.784029300713917188e-01
-9.673269092610357056e-01
-7.422408213965252521e-01
6.182909129103331125e-01
-7.360328396762553238e-01
8.372376559491494508e-01
-8.247908919186386356e-01
1.974996005007861322e-01
3.260631097036416071e-01
3.616896790010051821e-02
3.126982176640378253e-01
-8.325973058064322085e-01
8.903739972420230409e-01
8.059702309715842672e-01
-7.445352148293167271e-01
-9.582184791362242660e-01
-2.165789800661935549e-01
3.115413141565186450e-01
5.070648620088684666e-01
-9.834325687087162038e-01
5.483781529006981348e-01
1.000000000000000000e+00
9.852729099176951166e-01
2.475065460664571393e-01
3.584553544581303708e-01
-9.678806719732092612e-01
-8.160265490049539716e-02
-8.485712746853554256e-01
3.187463098228495162e-01
9.187387234584875051e-01
-4.689695374564278874e-01
2.353960366482501509e-01
7.167084661294051973e-01
-1.000000000000000000e+00
-8.214294217273751531e-02
7.982059006334246698e-01
-1.000000000000000000e+00
8.554805307974098216e-01
-8.205278674999050281e-01
1.873434713445190081e-01
8.890087265616792855e-01
9.904066561891211595e-01
1.677291930620392058e-01
2.601079202160835185e-02
