9.023157988665736484e-02
-9.514155160450715742e-01
-9.334746085256699910e-01
-6.627459833685505064e-01
8.489666482497613131e-01
-2.447191645665494630e-02
4.875291507363252452e-03
1.520663792282564430e-01
7.137668139285923141e-01
4.065860815001365869e-01
-3.626844041310711142e-01
5.079490396395102136e-01
8.515077061415838866e-01
-3.405618177244675304e-01
1.000000000000000000e+00
3.803396239867278261e-01
4.506848965182061462e-02
9.920261932750529255e-01
3.786245095605872413e-01
9.159526584518563608e-01
3.617270619762990441e-02
1.000000000000000000e+00
5.064930151937407921e-01
7.137393650760364139e-01
-4.143011282929275341e-01
-7.360015798134471599e-01
-7.374592852683101718e-01
6.301318555401250743e-01
-4.687280640427504697e-02
4.870991685398659565e-01
1.259152992347976618e-01
-6.171652831595355604e-01
-2.394950122179497209e-01
4.686391708587083205e-01
-2.158409131656008340e-01
-1.969399893970102955e-03
3.446554832071721530e-01
-4.242328255464295483e-01
8.455547645326142447e-01
6.992783003560232302e-02
-2.534705985722548460e-01
1.917571239040009590e-01
-2.791736137875507340e-01
-3.994349438731683577e-01
-4.067414115083030635e-01
1.456826328381133351e-01
8.675349659889833309e-02
7.831134421221109809e-01
1.575053283220529399e-01
1.548884395750219634e-01
-6.870312390914816714e-01
7.041596633963240759e-01
-7.495355425018780382e-01
9.646754559378767357e-01
-8.489961088094089003e-01
-7.602884630371055108e-01
-9.070294988884165521e-01
-2.291322321803135054e-01
-6.291895576445042382e-01
-4.273342714289706246e-01
-9.328418387412364121e-02
1.011781682563845930e-01
-5.955462127222351798e-01
6.446369457680332093e-01
8.272001422448246877e-02
1.000000000000000000e+00
-2.894473378122045526e-01
-5.693789248801016667e-01
-3.182161919029296016e-01
-2.751854106669378019e-01
8.564128825125996158e-01
5.912409292833684660e-01
-4.885280389676887602e-01
-5.019248039908708048e-01
8.863128313957265858e-01
-6.749689186814885611e-01
-2.952881966631897281e-01
6.700715078739802322e-04
1.604299221554384564e-02
1.223810313515537873e-01
-7.254783564788578332e-01
-5.548045801303914670e-01
-8.540017761789144846e-01
1.000000000000000000e+00
-6.093910685768409996e-01
-4.758974700614482245e-03
1.755973376541372644e-01
3.710015200149437420e-01
-4.562426795503197741e-01
-5.221136329367971618e-02
4.167893577157517626e-01
7.921467182340280466e-01
6.174366686773705704e-01
-9.067796021482834590e-01
2.492137525500828232e-01
6.903615008256996921e-01
2.322539035491391068e-01
7.733393632079339497e-01
-9.899883830906160975e-01
3.545320569331718019e-01
1.000000000000000000e+00
1.764049517412794033e-01
-6.649447704344971233e-02
-1.000000000000000000e+00
-8.142842778237194823e-01
-7.465059414460233356e-01
-1.000000000000000000e+00
4.265170467991585279e-01
-6.537438076446554502e-01
6.756346114572805428e-01
-9.155452079986724501e-01
3.666003526440380078e-01
2.508398318453501363e-01
-6.498974883030053107e-01
2.747350252561846229e-02
-1.229637440313443020e-01
5.975626589654835508e-01
-3.618820803986056989e-01
3.040879394475892727e-01
1.000000000000000000e+00
-6.197267265867495434e-02
-6.195458638681869967e-01
-9.098916426369130228e-01
7.731565605980520450e-01
7.699200680842424593e-02
-1.568818834909452009e-01
8.431234156669511481e-01
-9.635214161637611907e-02
-4.675518876748182562e-01
-5.643202092485750665e-01
3.505053689143515783e-01
-5.539832449070227760e-01
8.453954904347478205e-01
1.000000000000000000e+00
-9.225099402834153750e-01
-4.888175101701232039e-01
7.408394174857636516e-01
-2.387050647032327721e-01
2.319752806492637043e-01
-8.713310812506074310e-01
2.788793250640869137e-01
1.000000000000000000e+00
-7.398057437128816582e-01
1.000000000000000000e+00
-4.477772965055760723e-01
1.000000000000000000e+00
9.475906157471803981e-01
5.610220412498250209e-01
-1.000000000000000000e+00
-6.712177540431133460e-01
-4.244120742195646723e-01
-4.350865922384364870e-01
1.000000000000000000e+00
2.956545027493184818e-01
-1.000000000000000000e+00
1.902368995624078296e-01
-8.535244882800344657e-01
-7.743740866541948265e-01
-8.749491509564797376e-01
-5.480676657068388469e-01
5.257679749735374441e-01
2.587191865777326294e-01
-1.122955516330552128e-01
5.149135300629416045e-01
5.092817130964945038e-01
2.866416471648152164e-01
-7.713787117114710989e-01
-5.558841491052424200e-01
-6.164861057531352273e-01
-5.537514008137907062e-01
-7.957350414716092279e-01
8.046828434190851365e-01
3.765855032070060116e-01
2.866140640732990352e-01
-2.888981693008174090e-01
-6.105225986084277245e-01
-7.962058830252169428e-02
-9.580951866437660280e-01
-5.526063333760729002e-01
5.744911967010698506e-01
-3.784183227673966199e-01
-7.457700545197862851e-01
-3.504343032796859991e-01
-6.459652498296483136e-01
-7.666072719548463477e-01
-9.445134135586429336e-01
9.919728046191086390e-01
1.000000000000000000e+00
3.135339618821879060e-01
-5.224553130479032692e-01
5.752134459622312290e-01
3.172978176503970377e-02
6.621531972313195180e-03
4.532011575987371921e-01
-2.812447064298591037e-01
-1.445384785332602395e-01
5.936111955636139692e-01
-1.539292549451702352e-01
-1.326311853718818989e-01
1.000000000000000000e+00
-3.218581704349214312e-01
4.289584322654760307e-01
6.674230945700674322e-01
2.163477254846025155e-01
-2.104510836330504286e-01
6.430423573005698001e-01
-3.550760404107271562e-01
-2.676124016908216774e-01
6.532946752691577430e-01
-3.592922375996103757e-01
-2.293351702890825683e-01
-5.395587157317350835e-01
4.981975952768616933e-01
-8.517609298010782037e-01
-6.212966227896689064e-01
-1.000000000000000000e+00
-4.614634910548198743e-02
-9.685741591640998349e-01
-1.640823744376103122e-01
1.000000000000000000e+00
-3.331194437367477335e-01
4.232514803953214000e-01
3.976524352712480503e-01
3.023372537856828246e-01
3.914341109825962284e-01
8.094444407229659522e-01
8.297008650213798520e-01
5.379277115618589233e-01
1.012863179094912747e-01
1.000000000000000000e+00
-7.702961425847256738e-01
8.815603542218649613e-01
1.000000000000000000e+00
3.619317364391072545e-01
5.339999198293792215e-01
-7.531649598469319917e-01
6.007826034570742380e-01
-6.132540373365928943e-01
3.879877181189265167e-01
6.468998221949349980e-02
-6.078815789028987338e-01
-4.314091945622761104e-01
-8.193763406681308092e-01
1.000000000000000000e+00
-4.941845385538138347e-01
8.605277790378138558e-01
4.934542619363487814e-01
1.951345903894042555e-01
-4.708588194895020895e-01
-1.000000000000000000e+00
8.397324804966089795e-01
-9.606596731662806476e-01
-4.704430092292969934e-01
4.253668177715064780e-01
1.000000000000000000e+00
-2.587904779005141820e-01
4.218534432427591963e-01
-2.278417196940810130e-01
-5.431585128566275289e-01
8.495451218854324082e-01
-2.364263219249334025e-01
4.510817028667463702e-01
-1.000000000000000000e+00
3.370025726251897336e-01
-1.000000000000000000e+00
