-1.000000000000000000e+00
1.000000000000000000e+00
6.035298216104886260e-01
4.945625077931501412e-01
-1.496810939614000580e-01
6.525518746620005972e-01
-2.643369187827209754e-01
1.000000000000000000e+00
2.721239266073695040e-01
-5.391257009000970379e-01
5.405352684783033546e-01
-9.983690669170155463e-01
-9.328895366041675130e-01
-1.968767026465558789e-01
2.373691256914935988e-01
1.730722041900713826e-01
-6.532113045728615841e-01
-6.891683923750556717e-01
9.986646227195931091e-01
-1.620107852947554605e-01
-6.373583784369591942e-01
-8.209344611431137473e-01
-7.592227713627177632e-01
-5.352778562963173697e-02
1.784841529224852064e-01
6.339200212581068694e-01
-6.103872081926139948e-02
7.766104679390001264e-01
6.304141879499121082e-01
5.434091481748229979e-01
-9.025790003182060373e-02
2.118432579006942484e-01
5.299043512970915693e-01
-5.166778280112668265e-01
-2.038378197640984268e-01
-9.501788978533098895e-01
-1.358610256389297943e-01
8.919831904805385348e-01
-3.691796574044085011e-01
9.242764118240966997e-01
1.000000000000000000e+00
-4.711758353456685366e-01
8.464415493924223322e-01
1.000000000000000000e+00
-1.337872434500952390e-01
-1.450110567143462759e-01
2.913591214523561512e-01
-7.821971808481882338e-01
1.389278196166980339e-01
-1.000000000000000000e+00
-3.893099722443336685e-01
9.866407263038557973e-01
-3.050819519382980682e-01
1.000000000000000000e+00
2.522650121084877295e-01
-1.386590875012890522e-01
3.550469606492216434e-01
-1.000000000000000000e+00
-1.000000000000000000e+00
2.515507317207405502e-01
-2.826470053246586955e-01
-9.319400435895426327e-01
3.666266784833244197e-01
-1.205474887358750080e-01
-3.845177557941058533e-01
-8.719275142034467185e-01
4.260620983676708384e-01
4.635093109575957326e-01
7.138517755515785268e-01
7.890869746491254721e-01
1.079880970193561884e-01
-7.252598557402951673e-01
4.893232836012441078e-01
-7.981867422960831071e-01
5.479336648806207855e-01
-8.629519891253948360e-01
1.000000000000000000e+00
-9.405499897419548894e-02
7.556679744546370703e-01
-1.000000000000000000e+00
-6.187180985676745681e-01
-3.491475433291535424e-04
7.720237576194386442e-01
-2.652602059641381849e-02
-9.999034771253080267e-01
8.167371715696255530e-01
2.829686634622516905e-01
-1.242296536815795660e-02
-4.326694931034833491e-01
-2.154345513374377741e-01
-5.473560583924911294e-01
-4.697311398389271142e-01
-1.000000000000000000e+00
-4.237199241139262273e-01
3.688572413065176470e-01
-3.825177293780301913e-02
1.000000000000000000e+00
-8.217493373468144346e-01
9.128351750018773858e-01
-4.077235203796798491e-01
6.396555927473079883e-01
-1.323791174012677319e-01
7.840355612359332094e-01
8.274999980012779366e-01
-6.992070658975301223e-01
-3.427540077121434825e-01
-5.193604359280576954e-01
-7.272188787256448350e-01
-6.273203707435774934e-01
-3.993295133627729476e-01
8.383336148357497519e-01
3.164995246400232887e-01
-4.409712353671497720e-01
-1.554394806399528595e-01
-5.014819585568361937e-01
-5.241352901586482371e-01
7.580514167573784157e-01
2.186308037420080230e-01
-1.000000000000000000e+00
-6.360427596923705629e-01
5.299517759231582303e-01
-7.951266784351020966e-01
9.615899460574414692e-02
-7.371062280692869395e-01
8.632643246240148671e-02
8.326857471947616274e-01
-8.640848270827787836e-01
-8.331474463031508515e-01
6.619095572211830536e-01
-1.182361962583999837e-01
-3.052621252464271517e-01
-4.763564914428801145e-01
6.925121052388463205e-01
-2.829555263521068009e-01
4.541423618339555102e-01
6.059385241046497672e-01
6.442606532158152710e-01
-6.749652817429687701e-01
-2.034478046263694662e-01
-1.000000000000000000e+00
8.214284601317818346e-01
-3.312309629624493601e-02
1.745594584429990825e-02
1.878385053646931813e-01
5.442217355048328820e-01
-6.747630424438365582e-01
-8.021479777478021100e-01
1.269909247175583511e-01
1.000000000000000000e+00
5.870388965435990869e-01
8.332843856179834585e-01
7.728962857479071413e-01
3.090057147286415229e-01
-2.552679361235908884e-01
-1.000000000000000000e+00
2.544891239943979366e-01
-1.166019318881810207e-01
-9.214651150430291926e-01
-2.951937296193696825e-01
1.000000000000000000e+00
8.965360573299404612e-01
-3.350116100545939002e-01
4.975201220564011706e-01
5.018944531560727285e-01
6.077963805213951742e-01
-2.591051681766892711e-01
-6.720083395103565449e-01
-9.543888452807405276e-01
4.855092318019473829e-01
3.828432126620813225e-01
9.146695141747918090e-01
7.960859407912875829e-01
7.228303425480413491e-01
4.848743528240960776e-01
1.000000000000000000e+00
-1.000000000000000000e+00
-1.000000000000000000e+00
9.067498303823254835e-01
-2.463090861420850208e-01
-2.261289120435466815e-02
8.440570199571754140e-01
9.921054678027837470e-01
1.750976284385884485e-01
4.390152921735471780e-01
-7.273649034434847005e-01
4.892626835565597743e-01
-2.400941610411955196e-01
-4.049979034085701146e-01
9.105889257493022804e-01
6.301436353353123687e-02
-6.754313360610539885e-01
1.496851313166097652e-02
3.948540661291398135e-01
8.011883426853053103e-02
-5.706124966012035005e-01
-8.552275879235674005e-02
3.395679966221668011e-02
1.989044721974199403e-01
-1.000000000000000000e+00
5.730986587141746469e-01
-2.441479434645881519e-01
4.923026426031613667e-01
8.295752498672195330e-01
-7.239059967213996583e-01
6.961874326152689418e-01
-8.961017837419059662e-01
3.682036141772291327e-01
1.000000000000000000e+00
-9.201225707940418053e-01
-5.635610081253734638e-01
6.088581491900429271e-02
-1.184738573113681692e-01
7.862799024559118388e-01
9.560837119146223806e-01
6.610904831872214116e-01
3.796082015958737177e-01
6.123570809379446089e-01
8.417081525420708754e-01
7.187717866142472323e-01
6.223234560790597003e-01
3.403282986464032378e-01
6.404012995505254935e-01
1.000000000000000000e+00
-2.033848624255586157e-01
-8.766552313876204705e-01
-7.784788716661474872e-01
-8.357689954493585649e-01
-4.329753265026296538e-01
-3.636031328543072871e-01
3.456135093069287456e-01
5.120411656685066593e-01
3.649926529744220716e-01
-6.242459667619577601e-01
9.749571107009388782e-02
9.139926275680783085e-01
-3.152722185590716153e-01
2.586993976636523529e-01
8.307245883503933115e-01
-5.206840678692427060e-01
-9.070148339417261063e-01
1.417401155170553428e-01
-5.286379960250955357e-01
-4.981907932641151393e-01
-7.438880258889265518e-01
-9.519988581827166785e-01
-1.000000000000000000e+00
4.625652267741366952e-01
-1.991009005901545614e-01
5.035544828649376470e-01
7.069103008869317417e-01
-3.064074715399531801e-01
-7.454387304168295092e-01
7.047743490879837536e-01
1.982304543922872031e-01
-6.562646158476058700e-01
6.484604223952860069e-01
-2.500800729961417945e-02
7.184135654807859428e-01
-1.566794605398172391e-02
1.000000000000000000e+00
-5.781121844048908720e-01
-2.618594552827373523e-01
-1.542249731643631772e-01
-3.295826524677180069e-01
8.565935334985299576e-01
