2.267823555006904801e-01
3.103664705816089886e-01
-1.966176884392426549e-01
8.161778278968424560e-01
4.585810965084069490e-01
8.360224596260066310e-01
-7.662293639405531875e-01
3.680141403356068652e-01
3.489926434043211789e-01
-7.265783752849144239e-01
4.420898576181224726e-01
6.730621481803611417e-01
-8.447083942879541896e-01
5.739216591255920097e-01
6.831651109331175753e-02
3.005838347084900941e-01
7.718863803621761610e-01
-1.146854417530423081e-01
-9.082851733273451522e-01
7.306593875286946371e-01
2.928065513329326519e-01
-6.202980257922860452e-02
-7.553222884177663854e-01
-5.268339607494687549e-01
2.682409996264402685e-01
6.312891968889771110e-01
-7.459988404533833828e-01
6.180785700989825937e-01
-6.929012474451855530e-01
8.952267811152669896e-01
-5.696490824371049921e-01
-3.253811639420848834e-01
-3.992980371260460570e-01
8.688807461303291735e-01
-8.574682497582511997e-01
6.025552422195691316e-01
-6.617582914600131927e-01
5.160824797627441285e-01
1.733578895040808754e-01
2.548008106123433869e-01
-4.297094531501712833e-01
-8.574664071410589283e-01
3.542347648958954487e-01
4.553461607519737608e-01
2.681206416802088821e-01
3.720657291836569902e-01
8.417061851728461219e-01
2.768502854865000362e-01
4.917853229113418045e-01
4.345972262848387668e-01
-1.977394797465490406e-01
8.423353210689965564e-01
1.009015187463436769e-01
5.291270842035511457e-01
-6.202096770169107653e-01
1.519571601527167082e-02
-2.233984925729891047e-01
1.000000000000000000e+00
-3.205660917672097376e-01
7.201771789669921819e-01
-7.028825915359566689e-01
-1.926637815619947902e-01
-1.000000000000000000e+00
4.582898560571737057e-01
-5.036997926034125772e-01
-2.659386110594161301e-01
3.589963296641410784e-01
-4.051530286137363657e-01
-4.385947486177478316e-01
-7.820475995643161315e-01
-6.187097679781790038e-01
3.915524675875510230e-01
4.498065091031085427e-01
-1.000000000000000000e+00
2.016310803484217540e-01
-2.303179967604059852e-01
-9.246934973390761314e-01
-1.000000000000000000e+00
8.613875279747262859e-01
-9.394098482375137227e-01
-5.324994363159868405e-01
-1.000000000000000000e+00
-5.055185767359365867e-02
8.363734995114575632e-01
8.450370263131715687e-01
2.648955603115457635e-01
1.000000000000000000e+00
-7.005497544556252842e-01
6.942343482815956923e-01
4.185352553980525303e-01
-1.179190098168322043e-01
-2.622357370311508840e-01
4.815075970403739913e-01
5.456997551690198622e-02
-9.590066720309635695e-01
7.532665252826243885e-01
-8.087122690818225879e-01
7.439607336266864657e-01
-7.894802315041060670e-01
-3.852369671758698044e-01
-1.000000000000000000e+00
5.039875402480578082e-01
-9.307527918438787684e-02
-5.484790996647337380e-03
1.315442085505734438e-01
-5.107230796227927305e-01
3.147398352632785334e-01
-2.841601443736221921e-01
-9.541038304321673991e-01
-3.293849748882003436e-01
4.080591340850004967e-01
-2.220021364820147225e-01
-4.691944184502946924e-02
8.137056166896637910e-01
1.754200437450950945e-01
1.000000000000000000e+00
1.000000000000000000e+00
-7.918809263252434283e-01
9.971353630782641142e-01
5.925030359790626200e-01
-4.950802334009541950e-01
6.482302591278762960e-02
-9.691046648822596588e-01
1.912284665640029413e-01
6.194674392788149797e-01
-4.449916991210116080e-01
5.494140648337495492e-01
-2.357143593505631740e-01
-3.450647899020560794e-01
1.977126803494550500e-01
1.000000000000000000e+00
1.000000000000000000e+00
-3.978252042938901223e-01
-9.539873528144238168e-01
-1.292274433997408697e-02
5.831770840161313446e-02
-5.864510558182077782e-01
-8.472713478887957672e-01
-2.678372706491818356e-01
-4.329022068695865810e-01
-1.000000000000000000e+00
3.618518496374911741e-01
6.386437583844368771e-01
7.335569036001907683e-01
-4.407305979127793538e-01
6.355854730680647879e-01
1.000000000000000000e+00
3.149964103799469950e-02
1.638564010187940623e-01
-6.806780798224223439e-01
1.000000000000000000e+00
-8.436576169360350541e-02
-7.086476653235878054e-01
-5.074429443276298746e-02
8.950187901653898770e-01
-7.668469692313537589e-01
3.955588321579706634e-01
5.500532131137696457e-01
-2.078993193505506987e-01
-4.418553139900608384e-01
9.568701102760381882e-01
4.090124423571025458e-01
1.000000000000000000e+00
5.515180082025973318e-01
8.235066833151850618e-01
1.000000000000000000e+00
7.681791607808350353e-01
-4.044079501626917650e-01
3.902362435609605940e-01
-8.603074338888894168e-01
7.266922404157680759e-01
5.130713774425956775e-01
2.054995780704564345e-01
-9.654067299305255090e-02
-7.888631486363409939e-01
-5.181874713724974324e-01
-1.108828461695471612e-01
1.633846445440186868e-01
3.033847757337472806e-01
-4.851298538838690888e-01
-6.830365233371062939e-01
-2.824698244743059639e-02
-9.254346534163092608e-01
-1.049380992767599274e-01
-7.494468895037273981e-01
-8.745416015100826446e-02
7.701119779698428758e-02
1.547234227245252169e-01
-6.738836777171152148e-01
2.367282827354484365e-01
6.215081472824279807e-01
-1.000000000000000000e+00
-1.744275612559914590e-01
6.870883928777000715e-01
1.464663706680157107e-01
9.511272984798530006e-01
-1.000000000000000000e+00
-7.627380247383126477e-01
4.617805867657912011e-01
-6.500836687397871794e-01
-2.582698336129549688e-01
-3.998852712291269262e-01
7.386283105621163081e-01
2.742296738751707763e-01
6.806051389692033826e-01
1.919054492623828989e-01
-1.460990762637905671e-01
-8.157842606819130093e-01
-6.523130593300556779e-01
7.813446915436150775e-01
-1.000000000000000000e+00
1.960726582524108252e-01
1.164174789721124093e-01
-3.868075091599770254e-01
-1.000000000000000000e+00
2.119503125282655442e-02
4.101136237447958743e-01
2.165397016589579726e-01
-9.476490545985527536e-02
-5.970682146203877272e-01
5.466410382174305971e-01
3.797994412485083404e-01
3.732977162733527865e-01
-5.125898914337974066e-01
4.601474440309013536e-01
2.972269621406330442e-01
6.786882031203069765e-01
8.094099255141988802e-01
1.582907383887789399e-01
2.837628813647268822e-01
-4.395253060677940526e-01
3.185463333664542152e-01
-3.050695830773731410e-01
8.147914094115966677e-01
-2.508695015496664737e-01
6.095454509240039176e-01
8.190934523315980265e-01
-8.717014213360629871e-01
4.701022798737379271e-01
9.615239191254203455e-01
-1.685711364519529576e-01
6.579358784783572167e-01
-4.847675423848135656e-02
1.232879139905195820e-01
-5.950638985798138991e-01
2.397103262083545849e-01
-9.329406619518069155e-01
7.043726771246130447e-01
-2.046338443401151119e-01
3.288788183797883291e-01
5.946516172935775169e-01
1.000000000000000000e+00
-5.852514171391801079e-02
-3.026371804924923858e-01
5.163377236977494400e-01
1.000000000000000000e+00
-4.413607401016814702e-01
3.457562429483487243e-01
6.989239574050857273e-01
4.537782638450488237e-02
-2.601227096395333782e-02
3.489667988781448016e-01
-3.940610102584374275e-01
4.139731707102082825e-01
-4.960133406063307326e-01
