-1.054133335924351544e-01
9.170670388561419362e-01
-3.897944826579601285e-01
-5.940621605884896517e-02
9.527975748324617467e-01
-4.627492035060140618e-02
3.048884510853317464e-01
1.300687400725344667e-01
8.066166172208349971e-01
-9.674852712274226718e-01
-4.309198071088281012e-01
-4.852278978283127153e-01
-8.423099253931065622e-01
-4.107445133153041494e-01
1.000000000000000000e+00
4.573081761875916196e-03
7.486496398314244072e-01
6.743928106354850627e-01
-9.189610064301525494e-01
5.788904578352003227e-01
-5.613555679139115018e-01
-1.224412331059432507e-01
-3.688834864567229199e-01
-3.385687399883111626e-01
1.971139073930160968e-01
1.000000000000000000e+00
5.420345649748592454e-01
-5.028578014211471103e-04
-2.145400250267687214e-01
5.530256928492910395e-01
3.837414479874977080e-01
4.696841755457199508e-01
4.560062327849899733e-01
-1.000000000000000000e+00
-2.327806376551326828e-01
-3.006555488037668811e-01
-2.309466359885698483e-01
4.935947713213951760e-01
5.976940067184007832e-01
-4.511175647538822053e-01
-1.151903145364896325e-01
6.586809726257999431e-01
-1.323997148256304546e-01
-6.827818640107570225e-01
3.148916775352114117e-01
-4.514622274249426304e-01
1.264050428688900385e-01
1.000000000000000000e+00
-1.000000000000000000e+00
-3.909179334748076329e-01
-9.073618539517828152e-01
7.603541543466256769e-01
7.095561733928001935e-01
-7.874603628746270623e-01
2.229469602755706492e-01
4.508567248373402947e-01
1.876831448476235231e-01
-6.189874121702402254e-01
-2.774883643059499194e-01
8.500121111637192195e-01
9.689451010312565282e-01
-7.253693415160783475e-01
-7.604997505883632769e-01
-5.641098197190803631e-01
9.274775081604755278e-02
-1.000000000000000000e+00
-9.760083987859843324e-01
-1.000000000000000000e+00
5.522938258179590498e-01
-6.735034597091311692e-01
-3.621268501137631657e-01
-6.823657500143474053e-01
1.717008203202610161e-01
7.300456959540241320e-01
-1.402382303221488824e-02
-2.455526524538500510e-01
-2.141477935846274328e-01
1.000000000000000000e+00
-1.000000000000000000e+00
3.026170521757951537e-01
1.563100109551754657e-01
-1.000000000000000000e+00
3.363256530969995634e-02
-1.526575587563090419e-01
2.802218310478665764e-03
1.000000000000000000e+00
-1.286874038323992386e-01
-6.294537892439688864e-01
9.525476124451042192e-01
6.582168113900536133e-01
8.115894155655953845e-01
8.349963523415343536e-02
-4.350381486393554709e-01
3.506537427841172061e-01
-1.566851034631705220e-01
6.198923584271228693e-01
1.386621324508982567e-01
7.373509918718010869e-01
-3.645910014478731531e-01
8.313275763757670134e-03
3.654244002906296696e-01
2.075442076560729543e-02
-1.000000000000000000e+00
9.081407673494006350e-01
-8.845305841020165150e-02
1.000000000000000000e+00
3.695268018636976848e-01
8.670624083453921660e-01
-5.704848787193855797e-02
-1.000000000000000000e+00
-1.000000000000000000e+00
9.225668576873219395e-01
6.121864202519916587e-01
2.248193493766235118e-01
9.252208074066470278e-02
-1.000000000000000000e+00
-2.338747797519668548e-01
-3.851270414126822805e-02
2.357169900898177517e-01
9.944848695949620732e-02
-9.437106675808137890e-01
4.479516192985866230e-02
-5.044945639725544051e-02
4.570501022752724296e-01
1.420923836587748845e-01
-3.538507627650167020e-02
-3.127520994341155269e-01
1.537039860453354445e-01
3.263135043573908711e-03
5.251262942676285794e-01
-2.092595236325449914e-01
4.700657113405741772e-01
-5.060624564604561115e-01
-1.000000000000000000e+00
7.715990975006596919e-01
9.605875515700953993e-02
5.903861087636090854e-01
-5.808013082242441394e-01
-9.432997171410359982e-01
4.614824792772775908e-01
1.000000000000000000e+00
4.830867071890250219e-01
-1.000000000000000000e+00
-4.200966981083252838e-01
2.361458342120147658e-01
6.757661858363582796e-01
-5.009793789575103240e-01
-8.227008424117583374e-01
4.856865673903663638e-01
-8.992789768994878530e-02
6.137092071865269949e-01
-2.958821077834791202e-01
-8.169517523267139092e-01
-7.571456565743907019e-01
-1.000000000000000000e+00
4.987434580172747101e-01
8.342983638113995459e-01
-6.369460604732799514e-01
6.635836938653373318e-01
-7.911291516489298015e-02
2.433893985937107263e-01
7.520404995683929172e-01
1.000000000000000000e+00
1.348404309254149502e-01
1.000000000000000000e+00
1.106245706636369841e-01
9.787617190266004741e-01
7.410562755352337883e-01
-7.263614790779915342e-01
1.000000000000000000e+00
-4.246060462096989396e-01
-2.755417614420291872e-01
-1.000000000000000000e+00
3.303314257006920718e-01
-5.934842266550456324e-01
4.742339961303955187e-01
-8.772039946406614552e-01
5.091026223087511404e-01
9.490387162721891645e-02
-2.151382554896541233e-01
8.064208539464334802e-02
4.665332820835833005e-01
3.713558632750568189e-01
-2.628999049013838740e-01
4.130190416417804378e-01
-1.000000000000000000e+00
-2.650409042987292851e-01
-7.031116891145446912e-01
-3.772571218558037343e-01
5.722977136091369488e-01
-5.321384854658810504e-01
-3.115528949776917855e-01
2.874628436419021105e-01
9.471333750054781175e-01
-9.348384081820818592e-01
-1.000000000000000000e+00
-9.575004326326153059e-01
-2.235042217988978674e-01
-6.190286466430552359e-01
1.000000000000000000e+00
5.965045238266342142e-01
9.046385890991603951e-01
-8.043274165758710348e-01
-1.000000000000000000e+00
5.198327042922947783e-01
-2.364330098969981142e-01
-2.403831858409162525e-01
-3.733593012272985456e-01
-8.042062608638598231e-01
4.851519832612531946e-01
-5.610988784056105683e-01
3.455967685401550860e-01
-2.916780841424009840e-01
6.558820495935954176e-01
1.323639361647742096e-01
7.441203983816602197e-01
-9.810465143998714499e-01
1.000000000000000000e+00
1.000000000000000000e+00
3.580696643231907617e-01
-4.790705705955043969e-01
-5.773424385367709188e-01
-2.013208840259153032e-01
3.271555349217425412e-01
1.950541515147041771e-02
-3.761221715680148070e-01
8.960219022686366497e-01
4.353012986552565189e-01
6.951745074902938581e-01
5.760786885343615049e-01
5.948296545855351614e-01
-7.128381548666262724e-02
-6.052391702932462536e-01
8.926714008842633330e-01
1.817050331887220260e-01
3.703849039824286260e-01
-6.956536462547835420e-02
-5.595543472905173399e-02
2.910872732801848550e-01
7.235920511447715420e-01
-6.762903545474636680e-01
7.041329630306973897e-01
6.902677196451036945e-01
7.282228367328619223e-01
-7.967792295488033139e-01
-2.853782406666494770e-02
-5.410001473399007610e-01
-5.132554996473563946e-01
-1.742074246295907958e-01
-2.522594639016924045e-01
6.047890283581280890e-02
-8.793804652793608678e-01
7.126924155486746848e-01
2.541306255955308457e-01
-5.472574464504380565e-01
-7.641433936681527039e-03
-5.390512683082102630e-01
7.199917136120480565e-01
-5.637734788428707677e-01
2.157796899190883022e-01
-3.352056903101586216e-01
1.000000000000000000e+00
4.335161057593813760e-01
3.835456265875907267e-01
-5.055814989602598342e-01
