3.174431514246571773e-01
-4.351252096864138830e-01
-5.320381824786204472e-01
-1.222366368433118189e-01
2.938327225638001639e-01
-3.924416607243514377e-01
-3.598651606951260296e-01
-1.000000000000000000e+00
7.775846789646785329e-01
-8.403979360815156952e-01
-1.979128623221219629e-01
-5.677820481057189728e-01
-6.676160932086241395e-01
-5.349964576813671657e-01
6.418493296123195524e-02
-9.103549951935031581e-01
7.970331686881786393e-01
-3.897163450030894927e-01
2.046730899376429935e-01
9.054623251936381179e-01
6.410447154139802262e-01
-5.000878440357405808e-01
-1.300332832199268818e-01
7.662681487551226134e-01
-8.721339164912822461e-02
6.060688956143608364e-01
2.867177879008695474e-01
-4.334938486748324271e-01
2.321773098419843695e-01
1.318119591380344513e-01
-1.311117700416341292e-01
8.803417718542629888e-01
8.984067440380330005e-01
1.000000000000000000e+00
6.793577961303076673e-01
-6.126323940124004386e-01
2.946048857071751348e-01
-7.625467183931661230e-01
-4.356563795749707202e-01
2.385663420285189518e-01
-5.594447323588307430e-01
6.480795535866445967e-02
-8.134764387935305985e-01
-3.606232841190589733e-01
1.000000000000000000e+00
1.000000000000000000e+00
-7.939322610605766828e-01
-1.487605615476203513e-01
-3.883105828784731983e-01
-1.000000000000000000e+00
5.350268745491074673e-01
-2.267997568570725986e-01
4.191612088045167939e-01
3.779105584707264515e-02
8.735405030061746956e-01
-6.716681102561858907e-01
-7.820172283079993569e-01
2.570578099269884564e-01
-7.002047678465626035e-01
2.713686142942319246e-01
-4.542902098240666486e-01
1.000000000000000000e+00
-8.562378354905064715e-01
5.527073841084541028e-01
2.442495922216501580e-01
2.455982943435408572e-03
-7.620657586207117973e-01
-3.194343580654616099e-01
2.387567313143140746e-01
1.430109142847761916e-01
-1.000000000000000000e+00
-4.389230546454581661e-01
1.165373890493441034e-01
-6.169338608217322939e-01
-8.073799496871003623e-01
5.197769888599259591e-01
-3.474307798777915846e-01
-8.722698023321919791e-01
-1.182823135499556505e-01
1.000000000000000000e+00
3.786221431666789150e-01
-1.644920176296832959e-01
-4.717522091710007470e-01
4.045478301993440939e-01
-2.761340653820748559e-01
5.457109705354621365e-01
-4.011099446583147876e-01
-9.937525763090369058e-01
4.460791185730467179e-01
3.978382655319070427e-01
-4.232545319417644336e-01
5.841049901089877538e-01
-1.233891060126696138e-02
4.408366662350315379e-01
-4.586119286053872424e-01
-3.738983528938391032e-01
-2.345085786752241219e-01
-6.570795971193021945e-01
-7.305182806186573119e-01
-3.585866071720880677e-01
3.801566276741788486e-03
-5.566644969993846948e-01
-8.948330765475289716e-01
-3.114145653938918401e-01
-2.113151744509186580e-01
-6.394283337692661107e-01
4.742931014555026303e-01
-5.167137050453081137e-01
5.200178257530256865e-01
-2.725031302270926048e-01
5.820975224541267146e-01
4.098349922701032821e-01
5.844321605614647419e-01
-4.908689614720689320e-01
1.379004632238256811e-01
-9.858039211565501614e-02
8.793868888888801694e-01
9.636893249215844337e-02
-5.980470223253575579e-02
1.000000000000000000e+00
6.240072120121737953e-01
3.528667936826732077e-01
-1.992050479739856383e-01
-9.127658008388039867e-01
6.182135661595526965e-01
1.000000000000000000e+00
2.992492541049674992e-01
-2.424804314240881220e-01
1.988633850429067651e-01
7.832003431526555204e-01
-9.896541231147291118e-01
1.000000000000000000e+00
3.443532040420238527e-01
-2.687158297795985140e-01
-1.000000000000000000e+00
1.000000000000000000e+00
-7.245109361789383584e-01
-5.728321582961870551e-01
4.835003663819500419e-01
1.000000000000000000e+00
3.974753170024565296e-01
2.108158429798699940e-01
-7.495652655989915036e-01
-9.936382417898494968e-01
9.833660424326901017e-02
3.889042878517425250e-01
4.376210616206399617e-02
-6.791188705889551480e-01
1.667857642610990343e-01
-7.848669271675383641e-01
4.880472700413315268e-01
-9.961437119869765988e-01
4.347453708857102472e-01
-1.000000000000000000e+00
1.000000000000000000e+00
-6.132115240878840412e-01
-6.454649749849826756e-01
-7.751723024224165259e-01
4.983887335965895282e-01
8.585610089519324362e-01
-4.425812395873733873e-01
5.467966687799986625e-01
8.551267320478028733e-01
6.274543593058503621e-01
-8.817622116790992948e-01
-7.360573584657137403e-01
7.352181993078954481e-01
-8.540382580688794523e-01
-1.120683060100168688e-01
-2.760334823823257788e-01
-9.483750446645755616e-01
-8.221056700868856204e-01
-4.585488877372923544e-01
-4.150488558391285387e-01
-5.649490092369684469e-01
6.708803192713893582e-01
-3.154593597152458573e-01
6.018182814801609215e-01
7.172166627575879416e-02
-9.338628808346085552e-01
-1.206096935914473256e-02
1.000000000000000000e+00
1.000000000000000000e+00
-1.000000000000000000e+00
6.522984279796909535e-01
-8.495858050245258530e-01
-9.326001528954318553e-01
9.856403344780237941e-01
5.910983584989286665e-01
9.934010485124800116e-01
2.152390100419377117e-01
2.418254177999897003e-01
4.376345594246977555e-02
4.336698412053162643e-01
2.564030316050146530e-01
6.588140834873050800e-01
3.034637967749892473e-01
4.818389787381874845e-01
1.168070016373068676e-01
-6.720654943009998217e-01
6.267594264266388437e-01
-2.862875160548199460e-01
3.178168914380370413e-01
-1.763838277684779132e-01
-2.621241067808838809e-01
5.634070951359382295e-01
4.406283052252858989e-01
-5.408358541952920095e-01
-1.000000000000000000e+00
-1.678842304502998206e-01
5.666743133187337467e-01
-1.149778381174941799e-01
1.000000000000000000e+00
3.036362868976624774e-01
1.000000000000000000e+00
-7.954163212992362286e-01
9.122385231961406271e-01
4.918617542255035446e-01
-2.049712115951362046e-01
3.615823108813733811e-01
-7.269891083565589440e-01
8.140565141362897383e-02
-7.097459308239371101e-01
8.776963055283442117e-01
-7.951988093309789729e-01
-1.419413637824749885e-01
2.191645911893921606e-01
5.266891081716438272e-01
1.241484684696490259e-01
1.242064806409576977e-02
3.711740531564104995e-01
-2.365664096862447052e-01
-3.109682354544049954e-01
4.146226857339493921e-01
-6.587606094572273641e-01
4.756700479322535924e-01
-4.047494253037934309e-01
-8.670455453027676729e-01
4.757261738967080156e-01
-5.798989783360175565e-01
-2.909913899684859473e-01
4.301009412184380598e-01
-1.000000000000000000e+00
-4.486523302478003794e-01
-1.000000000000000000e+00
-5.309179691804962742e-01
5.840580624456860326e-01
8.997875717268541962e-01
1.000000000000000000e+00
1.000000000000000000e+00
9.102480264162393642e-01
-3.088905164317653496e-01
-3.300338619854066569e-02
-5.381784767326169838e-01
5.014567432041644457e-01
-6.167498791494225863e-01
-5.354550377048866716e-01
7.713485812436642330e-01
2.815834211361418205e-01
-1.000000000000000000e+00
9.384622370477990749e-03
-4.078159756191310215e-01
-3.267762610488842423e-01
3.202682485135615043e-01
2.457658594029148158e-01
