-3.567568566700057842e-01
5.366309724398188319e-01
-9.154297331482043054e-01
3.180084318710587610e-01
-8.834829366222513025e-01
-5.265575995345119775e-01
4.400497251055837666e-01
-6.958750914596172343e-01
-5.846196809618907642e-01
2.491573224562452227e-01
-1.872732237462155780e-01
-4.440175063281208701e-01
-4.377446410142148414e-01
1.000000000000000000e+00
1.748992451297074480e-01
-2.147362758239280689e-01
-7.404878473093209346e-01
9.480597173982384662e-01
-6.797967053263972437e-01
6.401176172758172855e-01
3.701523813256264450e-01
-5.844823631551051557e-01
-2.022468069270505209e-01
-3.313575648170281607e-01
2.287283036576766293e-01
2.045063702815760887e-01
6.194270068442800925e-01
2.853051432952165116e-03
6.210541944106028334e-01
3.544901020559104721e-01
-7.156181633746991899e-01
-3.130933147457111154e-01
-3.862214444263631918e-01
2.959403415515803326e-01
4.432128447400469906e-02
-7.080603827314545518e-01
2.754297346125688106e-01
-9.579973547969954373e-01
1.230513034359145136e-02
9.208079230088230815e-01
6.079841953766416118e-01
2.147537601506416260e-01
6.714319772241921225e-01
-1.995133877883078222e-01
-7.611459901350775548e-01
-1.000000000000000000e+00
4.406900658822130445e-01
-1.000000000000000000e+00
3.349038715883252970e-01
-6.584854633802759150e-01
-7.029155456674474056e-01
-9.447842452844894545e-01
-5.522653839084772365e-01
6.533763819505434833e-01
-6.309611423545035125e-01
-1.823183404298052146e-01
4.484766642391943003e-01
7.810821302842038127e-01
4.992937550094528332e-01
6.289986433527935961e-02
9.991171194746992779e-01
-8.138251493081497534e-01
-1.970092204688055626e-01
-5.930726946655434650e-02
8.515811400740134207e-01
9.644418881696019685e-01
-4.833754942102176377e-01
-7.338020735619514845e-01
-6.306364741455710021e-01
2.215426066452831355e-01
8.970356514789855629e-01
-5.607338794951935990e-01
3.830829738494253567e-01
-4.935746215547529570e-01
-1.883501204546039198e-01
-1.000000000000000000e+00
-3.234201888900085642e-01
4.776196212879205705e-01
-7.432003765511548121e-02
-4.831763197044409153e-01
7.631554786172878302e-02
-4.871899150978319104e-02
-2.982449313796239898e-01
2.762083408451329047e-01
-9.610616941979966965e-01
4.022301920548793652e-01
-7.941063246753767013e-02
3.628729998976147897e-01
-8.944814921462200807e-01
2.714713701470032603e-02
9.021246314209945272e-01
-2.251554150848920355e-01
-1.006871945859643125e-01
-8.339251577906577895e-01
1.279976101925381360e-01
7.629179789062282557e-01
-9.296409941232214313e-01
-6.919066991431627178e-01
-5.233622467051739502e-01
5.451142180464196851e-01
-4.283031913591185402e-01
-9.282854513257604578e-01
5.414337340212946881e-01
3.749762677204562800e-01
-7.524716068011517711e-01
4.880519934007091498e-01
9.364332714687072512e-01
2.033730875702599583e-02
-6.392117534805678014e-01
2.525850720022640994e-01
-3.773230037528434444e-01
-4.377397208542336826e-01
-3.648084694950903262e-01
2.501336720066524300e-01
8.643457446369394725e-01
3.900105085154189077e-01
4.396633499549822410e-01
-6.067578921693655286e-02
7.716895649026340731e-01
-6.141913440785329303e-01
3.674866363622730780e-02
-2.081512080366315631e-01
-9.694935643821793458e-02
8.181366824280681405e-01
-2.346334879935449425e-01
7.877609673685483926e-01
7.874557885855927308e-01
3.222148435828917079e-02
1.728648911548454903e-01
-9.665902952755577315e-01
8.063794889473220318e-01
-1.829149416258909755e-01
-7.866972892316943522e-01
6.366245012184788832e-02
1.431027467636353800e-01
-1.995422061627398214e-01
5.565530241209958318e-01
5.050552873066310733e-01
-7.944514016476483809e-01
-4.098813274296972953e-01
-6.410344037952189211e-01
6.352389683113269792e-01
6.119189074420420260e-01
4.362938174835632732e-01
-4.779404736938577813e-01
1.414507112351399698e-01
-3.925090768057722390e-01
-9.141356683080962275e-01
9.000946121772690489e-01
-8.492555290396333056e-01
-5.101746069575289200e-01
6.968233600660460603e-01
-8.066018959310349290e-01
2.910631554235392215e-01
-3.716544756189956167e-01
-3.014183072162521237e-01
-3.926844591196901879e-01
1.309151093124752696e-01
9.552308886185746362e-01
4.082355766309280209e-01
-8.248010053580809853e-01
3.553341610761874270e-01
-6.327885765072954749e-01
4.774976399944466654e-01
-5.211123024206848475e-01
3.847890115992390614e-01
6.550037566767688557e-02
6.285413668749183502e-01
4.047809019219559407e-02
-1.000000000000000000e+00
-4.459777704507312812e-01
-1.902644161089531161e-01
-1.000000000000000000e+00
-3.775034519899380658e-01
2.612739527275692586e-01
1.000000000000000000e+00
-5.541029597010823649e-01
-4.549982690102848948e-01
-9.370677962082083479e-01
-3.558733431191969387e-01
2.896214293912755533e-01
-3.067715599069948951e-01
-9.595617377666579295e-03
-3.433682046358511597e-01
-2.652726060961100862e-01
3.809765627527773590e-01
5.130414582049487304e-01
5.543596539185749461e-02
-2.794841194806660933e-01
-7.502313468098665838e-01
-5.805183893297281017e-01
-5.056391620244408136e-01
7.029224873675089524e-01
1.975126987650278609e-01
-5.938267052557832937e-01
3.031037352165008580e-01
-9.078480542046147850e-01
3.505339775930368384e-01
3.231468768698336769e-01
3.213425203674736830e-01
5.451164791312720359e-01
-6.701340876046241180e-01
8.740121039690741389e-01
1.000000000000000000e+00
-8.507709527879370182e-01
3.019558506858806002e-01
8.386908210950256848e-01
9.158805820742355053e-01
-7.009100281474514027e-01
7.114634136751836202e-01
-1.000000000000000000e+00
-5.087349313957184593e-01
2.859446553255506340e-01
1.000000000000000000e+00
-9.758442522325438961e-02
-1.253191399582013199e-01
-2.850206994027180141e-01
5.299473277438819796e-01
4.054356352945927000e-01
-1.000000000000000000e+00
-4.499291970540718610e-01
1.490848200136999091e-01
-2.077592457556835526e-01
8.505786252951513804e-01
1.370287619050081507e-01
-5.510560523918520692e-01
8.422584100681402841e-01
6.285158399817601937e-01
-1.123831184750202911e-01
7.311268774499799505e-01
6.857012606824186562e-02
4.514381109918863544e-01
7.054967201490855988e-01
5.036247340695625407e-01
6.068714166167126223e-01
-4.626685595531435657e-01
3.927391761148952831e-01
4.104362321667040514e-03
-5.085865940220117842e-01
-2.984160799333914760e-01
2.978767545669800398e-01
-8.213982521963717476e-01
-9.825737870616850500e-02
2.967617618767402488e-01
6.866288985732803551e-01
-4.483647714260979855e-01
-6.342590263931503491e-01
-5.106372892285643283e-01
-4.782304017958950021e-02
-3.746480961390343811e-01
-9.292668000249826310e-01
-2.849376671877499323e-01
3.433311142438953967e-01
1.096535040141700668e-01
-1.023967123748343033e-01
-7.100111732747731441e-01
-7.785323841193625416e-01
1.240459902182311225e-01
-7.508363102355233298e-01
-8.040661899548294800e-01
-5.452124132689651903e-01
8.794976043460434045e-01
-8.283272116726182466e-01
6.627120411522192667e-01
-9.117522605887380394e-01
