-2.103151070291719160e-01
7.234134779421855788e-01
2.487184701037248868e-01
-1.232662105802875135e-01
6.705924844233601689e-01
9.380715815632123533e-02
3.924752895159381860e-01
4.026404313793397471e-01
-5.633852513369936865e-01
2.209396722607045727e-01
5.401041722640945730e-01
9.697468359704213281e-01
3.315271516631428383e-01
-1.265702380906595925e-01
7.835673206367842480e-01
-4.348498880411594270e-01
9.751291046999654988e-01
7.216052674393819144e-01
-2.910747722345283228e-01
3.280838299606816943e-01
-9.195953102138358926e-01
-4.978112578451450165e-01
3.792733730900192946e-01
6.758008121382148570e-01
9.402945540524413337e-01
5.004926834512882783e-01
8.998076961543365337e-01
-3.383341422573362678e-01
-5.186106784916174606e-01
-9.932689792759545888e-01
-7.606215608603892342e-01
-6.710503106077856383e-01
7.082665994485267680e-01
3.019906825552980401e-01
9.029751016040385991e-01
7.444158630468823423e-01
6.697691569843898518e-02
4.980552891420476080e-01
-3.879030325844182725e-01
-5.222001212361107036e-01
-6.803626184790714237e-01
3.627989324120120540e-01
9.843935980107462735e-02
9.223228275891021122e-01
-2.051787766642078903e-01
6.139803683880885599e-01
-6.014909303603007684e-01
3.615239119646115329e-01
1.380797724141842042e-01
5.534278453581564783e-01
-7.941949199124074266e-01
-8.137022425969270278e-01
6.611773825837233276e-02
-1.703145746279044470e-01
8.365966374904900693e-01
-7.226136003160883448e-01
-1.261440661083276793e-01
-8.744465933174276895e-01
-5.767495523009169567e-01
-1.361003894633564804e-01
-4.185126141501696040e-01
-3.740150754121309706e-01
9.804194046706501409e-01
-7.613558120708201482e-01
7.908352551513733175e-01
-6.779442207744568183e-03
3.319255192871591875e-01
6.321064269259029089e-01
6.501902809416300055e-01
6.566945566369383203e-01
-9.640138463276095582e-01
8.235492281415160987e-01
-6.747497370358086499e-01
1.012800323950072134e-01
-3.045260946012814940e-01
-6.109867754269274753e-01
-1.546707562070129618e-02
4.398121034632494764e-02
-1.428959628231983303e-01
-1.786352047448390157e-01
6.116455592489417059e-01
-8.852957146859951054e-01
8.873903844008065867e-02
-4.136373980351873980e-01
3.329773689214901577e-01
4.388589406280388738e-01
-8.007436848893420001e-01
9.224395004298957534e-01
-3.269214601384375918e-01
6.311640277710233171e-01
-6.303661265355717802e-01
-6.179284266493005884e-01
-3.066020330191331356e-01
7.822904229300757517e-02
4.329634061629373254e-01
9.462807724215797078e-01
-7.457818463894398953e-01
-5.361723751288374196e-01
3.798935398495266180e-01
-1.398157097764349821e-01
-6.539696463003422111e-02
-3.052952412013588135e-01
-6.876884514283811978e-01
2.727019140157891930e-01
-8.322597027251423807e-01
-8.002400095052809859e-02
7.900805636967400680e-02
-5.120980287711697221e-01
7.810472866212014864e-01
-7.108308084187602294e-01
1.573503522076422634e-01
8.026774913039119719e-01
1.000000000000000000e+00
2.805465056467724705e-01
-6.557782422492375307e-01
2.320027589679426461e-01
4.869622586028257150e-01
1.000000000000000000e+00
8.631647533206286971e-01
-5.723676312185501658e-01
9.036438480658167682e-01
9.249595754339020592e-01
-5.972724722001399034e-01
-4.826902006016228763e-01
1.591393037659136200e-02
-9.492932177071023991e-01
-3.719433405659103853e-01
4.856759112200267348e-01
-9.406538775141192188e-01
-3.200848391167365747e-02
-4.919885906548320254e-01
3.218294847253490021e-01
7.849951461676690778e-01
9.338518170515481831e-01
-5.633159895903994130e-01
2.092111995537974667e-01
1.563393336540979395e-01
-7.118865636736660951e-01
5.865855697881989794e-01
4.937413007611140547e-01
-2.605605728744112559e-01
-8.431060567078259016e-01
-3.100586783601572693e-01
-5.821213002168837969e-01
-8.543122247393224455e-01
-6.744767694996278706e-01
1.209617579420114858e-01
7.516518452664686656e-01
-2.191446467165164003e-01
-2.394750859368803553e-01
3.975687598899717567e-01
-2.781304231650841285e-01
-1.386714246565002306e-01
-5.424000998515334793e-01
1.000000000000000000e+00
-7.434573966756935492e-02
8.460091877254202197e-01
-1.017813619318883034e-01
-7.648156410198431177e-02
-5.434994159507930966e-01
9.322827059170091246e-01
-6.944704866232812579e-01
-8.226870515050942467e-01
4.424195720123853121e-02
6.815108296678816791e-01
3.484785848427819355e-01
6.410607336143393509e-01
7.214517089741463440e-01
9.280794382539546694e-01
-2.663169231631996037e-01
5.366328550512697859e-01
-8.048832658704113685e-01
5.619565534968552767e-02
-1.355469683838359252e-01
5.253813344774787009e-01
-6.330352687415177204e-01
-7.544516496164652697e-01
-1.780773307613439105e-01
-6.598356108716447732e-01
-4.509578655315192863e-01
6.464110704176798117e-02
-4.429598974945500589e-01
-8.975936062591129971e-01
-6.032591359562494704e-01
-2.248351444457031556e-01
-3.824548611252529540e-01
8.291639226275839825e-01
-7.676338265898345892e-01
1.817636146015342291e-01
-5.088639300237818297e-01
9.988603618301160614e-01
4.919549797303036098e-01
-3.206610624020413414e-01
-9.146006771405994495e-01
8.289286372523561042e-01
-2.552042207098759730e-01
2.244583867559864498e-01
3.790970684253150425e-01
-9.068477965237350391e-01
3.046510441617249904e-02
1.383129948405056875e-01
3.444292677263312563e-01
-3.705981170636515332e-01
3.788943393281462568e-01
-4.058882290776689161e-01
8.315876650339288911e-01
6.104678573296945521e-01
-2.769810416913086049e-01
6.237598872593193011e-01
3.942602412519223276e-01
-2.162613501119617920e-01
-1.153036211067935274e-01
7.567672104596366855e-01
-8.198388493119749265e-01
2.543309003152128267e-01
-7.561983629344010138e-01
2.134450974170681858e-01
-7.345927788385623325e-01
8.033112439282310557e-01
4.597625506168938059e-01
9.635638384074239615e-02
4.116829645585208808e-01
9.190094482463937453e-01
2.601091977494280894e-01
8.279903091772666812e-02
-8.030945407174949757e-01
-9.078196690955251391e-01
-8.772703665157285391e-01
2.668496842582800954e-01
1.251295110055266613e-01
-8.401638455980082743e-01
-1.670533116299811049e-01
9.464498026899255123e-01
7.277438211964248893e-01
-5.576924154807105793e-01
-9.537900646913577418e-01
-3.900621553561247623e-01
9.364836701436516364e-01
-5.929424704555616987e-01
1.078910596566204916e-01
7.678106221143876642e-02
6.973849224507727707e-02
1.981810825402421927e-01
4.011944094443825604e-01
4.328345265418524490e-01
8.085546656673441301e-01
-5.533465919149866963e-01
3.584735176365805853e-01
-3.456756023441461267e-01
-3.164895893414683137e-01
-1.299307955221031541e-01
-2.809759721954078193e-01
-3.436053285741378915e-01
5.784744691908478842e-01
-1.481630546827906458e-01
-7.821183829498103979e-01
1.685143690217101586e-02
-5.101534690024642771e-01
1.000000000000000000e+00
-7.493080499066858691e-01
3.386718979289544684e-01
-1.003547920541138228e-01
6.160900193554578186e-01
6.691338305908569595e-01
7.894851769131485675e-01
