-6.261540021171844161e-01
-2.691396798240108801e-01
-4.403158438422841159e-01
5.764508227141104668e-02
-2.831810072051976213e-01
-5.969200678077908329e-01
8.306979798929997605e-01
6.709434930114492879e-01
-3.974896834836106896e-01
3.566868375298779537e-01
2.712815791251445008e-01
7.119852927966905387e-01
-9.447970886648154876e-01
9.062629150570365999e-01
1.806461816394550612e-01
1.197640790519774873e-01
-4.684703248128492259e-01
2.924822449526057189e-01
-5.090810368731822910e-01
1.000000000000000000e+00
-6.893549769304585517e-01
5.336800578265999961e-01
-6.267559644698459387e-01
-2.648844051004319855e-01
-1.000000000000000000e+00
-8.439243849014562704e-01
3.608830197802311013e-02
8.960309838884804590e-01
5.969682658811669151e-01
-6.813943811249963123e-02
1.000000000000000000e+00
-3.491615317874725011e-01
9.325302528904274579e-01
-1.877669311576205535e-01
-4.046599172658534305e-01
5.471363596784551975e-01
7.828016130277551943e-01
-5.523817524975997983e-01
-9.781511709605077154e-02
1.107056836508070741e-01
1.203563006799884261e-01
5.447431209780552175e-01
6.662078609955541797e-01
2.901557432153751837e-01
-6.314464157082451123e-01
-3.077348111939324227e-01
-9.272913999744726299e-01
7.497965889594370159e-01
-2.683943125044363498e-01
9.680058209386681600e-01
-9.105041363506469754e-01
6.808364440306642340e-01
4.561139247866594082e-03
2.541370193230917396e-01
5.250252527831171800e-01
-8.851537920476764132e-01
7.093098966175688525e-02
-3.530921118349253374e-01
-4.770391885048373970e-01
2.386101902285766574e-01
1.000000000000000000e+00
-6.696266287931376682e-02
6.684057302532356859e-01
4.378296280751308722e-01
3.173207116529915828e-01
-7.445346390028739769e-01
-3.633200695600282137e-01
3.136417655486122280e-01
9.321837383504610886e-01
-4.674577306960570611e-01
-6.693127475727039810e-01
-1.831716332244960888e-01
-1.651145085173272298e-02
-1.797191215600144609e-01
1.000000000000000000e+00
3.705331115561852906e-01
-6.530245280306701261e-01
1.000000000000000000e+00
5.125773606171972752e-01
3.053046108528930658e-01
9.093443027570674575e-01
3.584231852598550039e-01
2.426852754314424154e-01
4.684560960611204306e-01
-4.587124249744156668e-01
2.970187879718788615e-01
-7.838448494862425564e-01
2.961171774726645833e-01
7.179486260282651466e-01
-7.693615487040925682e-01
1.546426656165958147e-01
5.641644327989309149e-01
1.565792534201734254e-01
-7.052686847531323133e-01
4.692589956397729134e-01
-9.182123591136190921e-01
3.786885892547309784e-01
-5.419413994901162157e-01
1.234437636102266728e-02
-1.421253202485532607e-01
-9.972281186074651860e-01
-9.162813483893682553e-01
-2.140341514277207813e-01
8.544047499398621515e-02
2.204622252882118272e-01
3.213442571840479517e-02
-4.881055053838074809e-01
-5.485089441571714408e-01
2.919933222970030884e-01
2.934290290654973932e-01
1.435169339815177136e-01
8.350652887250897827e-01
-1.000000000000000000e+00
6.524258549941419627e-01
-1.912964389152216338e-01
1.000000000000000000e+00
1.000000000000000000e+00
8.347178870079806356e-02
-6.047980021533597705e-01
7.979577053818628363e-01
-3.873274178581834759e-01
-8.875258379063224456e-01
-5.815523434232729993e-01
5.746142852198390938e-02
4.993133778314894355e-01
8.625416892187304230e-01
5.689605635865004896e-01
-1.873619395565438162e-01
-1.857152799106139562e-01
2.789323196747282574e-01
7.122179403076782656e-01
2.647200131762524888e-01
-1.713340222472624630e-01
-6.293165202362126509e-01
-1.966364634361067176e-01
5.243660622111054881e-01
9.562525786321112165e-01
5.161135109950421018e-02
-4.598479991033367353e-01
-6.021042380537547922e-01
2.978942527081053782e-01
-7.532401679130854566e-01
5.311185257619924771e-01
3.313126778005308637e-01
3.264997620047271898e-01
-5.454936412897863907e-01
5.635451793887393812e-01
-1.012826193877131575e-01
3.817757802627750330e-01
-6.268869121292652835e-01
3.273603769312971035e-01
4.260625173543083899e-01
7.648769027036291801e-01
1.000000000000000000e+00
-4.753027790481609838e-01
-8.642034135566060982e-02
2.342881426812584433e-01
-6.649783686234174152e-01
2.637207112186611413e-01
7.937769138189423312e-01
-1.000000000000000000e+00
8.106469705550799487e-01
3.290863307582806985e-01
-6.382039542708278779e-01
1.099087078438348852e-01
-1.000000000000000000e+00
7.625772861377918543e-01
-2.784634779311122577e-01
-8.250867202977507642e-01
-8.998901237811149922e-01
-1.438651225861192484e-01
-7.592717087548684907e-01
5.437475088704125659e-01
-8.324431167318919744e-01
1.893040243407158596e-01
-6.934236742927677444e-01
6.812017232803626587e-01
1.596734494151410555e-01
-1.481576839998517969e-01
-7.561849121970055654e-01
-1.856408576985695835e-01
-1.850966479358315264e-02
-9.621197173604252306e-01
-4.470060478935967141e-01
6.550520241410499045e-01
6.924598913931537814e-01
-2.185819651863307178e-01
7.614271589392638262e-01
-8.163824777394022014e-01
8.613127758539494971e-01
8.745239854924751199e-01
2.515354114315296666e-02
4.888236848545747248e-01
3.423905346242946401e-01
-3.139979776735413175e-02
-5.578332114304606071e-01
1.000000000000000000e+00
2.991837072985865653e-01
3.837388203806478826e-01
-2.857668339825724657e-01
-1.922340256439580841e-01
-1.859484013332607655e-01
2.432702537125307762e-01
2.513083509945190919e-01
-4.940509295448418103e-01
-6.368269397987421643e-01
-7.798387705429226102e-01
-1.340752543507118394e-02
1.119146101729064646e-01
-1.000000000000000000e+00
-7.183050570788500622e-01
-1.000000000000000000e+00
7.817418183329002956e-02
7.130113579508767785e-01
-9.008504456027871532e-01
4.774355780635638480e-01
-6.484147099834681738e-01
-2.735092940768568681e-02
6.237648789741433858e-02
9.413859667392991959e-01
-6.454748973762035602e-01
-3.426418218993063092e-01
3.988347818608327100e-01
2.148875076251093030e-01
-7.801704676023214491e-01
-4.914499715474981434e-01
-1.780867821752046276e-01
-1.092455246082572468e-01
9.368937128381943369e-01
9.982345787218200872e-01
4.281551787733063330e-01
-2.963092627686544911e-01
4.933098638605787345e-01
-2.950649893546427593e-01
1.000000000000000000e+00
7.947214453431871162e-01
5.693555446102882556e-01
-8.402546189793228537e-01
4.390009250587935119e-01
3.669891301856350041e-01
4.304480820221288084e-01
8.205424930089390001e-01
-9.013872722513471825e-01
-9.084420339641348374e-02
5.789962761807486702e-01
-3.980741248884881456e-01
6.790245037471236422e-01
2.592380331865666854e-01
9.365519588498433246e-01
-1.703929115317157350e-01
6.203037025208656408e-01
-1.079261573437271804e-01
1.994977954924998242e-01
-2.088400013797932497e-01
-5.648333540148517962e-01
-5.811746722367064910e-01
-4.563254268973845340e-01
-5.340396474532306259e-01
-1.523548636710088111e-01
6.140593187511795836e-01
-6.740060625084782764e-01
-1.991516610727787073e-01
8.177290665347942689e-01
4.605561171047160840e-02
-6.250041363177513132e-01
