-4.514146027289414054e-01
1.000000000000000000e+00
-8.006653667481679060e-01
-9.642316487937100389e-01
-6.607395246651658338e-01
2.859381797996368713e-01
7.069670571571954332e-01
1.412403781445004114e-01
-2.179960438110528920e-01
2.095940843433496958e-01
5.962084025540994592e-01
-1.000000000000000000e+00
-8.775749134297837761e-01
-1.339023325927868879e-01
-9.700209693484362905e-01
-5.365622485274132991e-01
3.344204908102951096e-02
2.806267553074276444e-01
1.623378101071650537e-01
8.447546498596519848e-02
3.280376364771751541e-01
5.304808404471523797e-01
-5.594742321088619352e-01
6.379041052295981729e-01
-9.907059390348879058e-01
-2.227310020619124864e-01
-5.080253052297116767e-01
-2.493837917437921603e-02
9.932704997471847319e-02
-3.018914085337946474e-01
-9.975064699877950192e-01
-4.937178518418676720e-01
7.052336659927007645e-01
6.517795159723166476e-02
4.686946368957499165e-01
-1.489720761369141555e-01
2.622041938737176281e-01
-7.127680124455181288e-01
6.702762255023120286e-01
1.264367613558310399e-01
9.162209641948623196e-01
4.328574435375590057e-01
8.198114388112905937e-01
9.433009054227595169e-02
-1.947472775348108587e-01
3.263910340589085135e-01
-8.869579388549290178e-01
-6.274032662405082394e-01
-8.569170516200361742e-01
-8.708512322642619763e-01
8.536741587969074452e-01
8.791474798712979322e-01
-8.232560791308922710e-01
-9.968890457255732418e-01
6.976543242246566745e-01
-5.018779504947094017e-01
1.960289673167373015e-01
-1.548191235357319617e-01
-9.191895853663317739e-01
1.000000000000000000e+00
-6.752141331084138276e-01
2.286857845343882867e-02
3.029397412856821292e-01
-2.444615639363540982e-01
6.901225798793789723e-01
8.933429334993598925e-01
3.405894038255071754e-01
-7.503013865357953671e-01
-2.280637068588310390e-01
-7.927231316230252123e-01
6.035422818972817627e-01
9.532086298222078868e-01
5.360548391165679272e-01
-6.666778445576326817e-01
-3.736764439875116528e-01
-1.356080402316064970e-01
-4.204624110845888163e-01
6.099032403866068153e-01
-1.000000000000000000e+00
-7.022374545618118580e-01
-4.087250979940816875e-01
6.105918691391586384e-01
1.556272925354151293e-01
8.373332835569408106e-01
6.698976911006209178e-01
-6.031722664695350344e-01
-5.920076562671118259e-01
7.692990941759534351e-01
1.727583403092731451e-01
1.905104122545772105e-01
1.756198730063830149e-01
9.545572205328515247e-01
1.513423244323322259e-01
6.569160405038653172e-01
-5.219506535839828487e-01
-9.084392453830300584e-02
-8.039763148532122483e-03
8.945851363172403758e-02
1.000000000000000000e+00
6.799779373228087564e-02
7.392198121950481760e-01
6.031188651947038126e-01
1.389002053176140450e-01
-6.847716698689687576e-01
-9.987204487868506231e-01
2.812517622797209293e-01
-3.372649422830468202e-01
3.274213680573808127e-01
9.781221477155929156e-01
-9.293604315808878802e-01
6.553613711193853608e-02
4.315809235925013310e-01
3.509832858264033684e-01
-4.304258357115080535e-01
9.881106393834221402e-02
6.177063685522562464e-01
-2.310967166546604168e-01
4.670638596140024856e-01
8.466797705932076201e-02
8.601516542546099320e-01
3.078020102510084510e-02
4.273690512267623309e-01
-6.822965259653215320e-01
-4.069848484171326719e-01
5.339395472249994778e-01
8.494960099631878592e-01
-1.000000000000000000e+00
-9.239763694533227323e-01
-4.215617978611401195e-01
-9.781957788800177411e-01
4.084969182146887534e-01
-1.681415070074198659e-01
6.210397782604570871e-01
5.568276646073965219e-01
-7.565730760682670697e-01
-1.000000000000000000e+00
8.400690436979108000e-02
-4.340854708168573883e-01
4.333072657221519464e-01
3.997156169053246999e-01
-9.199700879525691821e-01
-2.449501510096131762e-03
-6.721758233036570496e-03
-6.788408586105036946e-01
-1.669751677273088597e-01
1.000000000000000000e+00
-6.811431210416544202e-01
-7.706607740892800207e-01
7.881315248975814258e-01
-6.928889359664262004e-01
1.210804944391614124e-01
-1.000000000000000000e+00
-8.882810338139713879e-01
-6.329353384887278500e-01
-1.451854780752005469e-01
5.747771152125222827e-01
-3.244203855209177312e-01
-5.468289208749166352e-01
-3.478674379920743132e-02
-1.329911708390628944e-01
9.793140551219343681e-01
-7.658869737344023987e-01
-4.199930264096750354e-02
8.417351401959730639e-01
7.479107133840842137e-01
6.261074950908493975e-01
9.658990094907871082e-01
6.237610477231561035e-01
3.928646101923874423e-01
-7.335618394277431120e-01
1.149595475460159222e-01
7.205009373617771162e-01
2.788953018972145648e-01
-1.802638691687148964e-01
6.848216754112874671e-01
-9.221381952216253231e-01
-8.996364162835629452e-02
-8.223745581339800825e-01
1.190111027627125950e-01
-1.923878214112593465e-01
-5.312688529783382574e-01
2.548799368028801804e-01
-7.117825795512129627e-03
-4.848436047521393899e-01
1.946302824460942049e-01
-2.128832461341978177e-01
1.862803812261578096e-01
-9.649689130517518088e-01
1.520720355529819184e-02
-4.756171965177388716e-02
-9.911173758880882367e-01
-5.552489682954752093e-01
-5.996502596704604837e-01
-6.356380216792537063e-02
5.401343596524296187e-01
-1.000000000000000000e+00
7.571969972900125523e-01
7.859160962812570261e-01
-3.331491589675549814e-01
-6.606228224281909256e-01
2.705442563742246898e-02
3.560556963101769723e-01
5.186739960251411929e-01
1.042947275987138878e-01
8.891375766031341110e-02
4.700524686412707598e-01
-2.892353957864591818e-01
-2.913929086872971141e-01
-5.479581844923360201e-01
-1.449040285394377799e-02
-2.448561984304650774e-02
9.550766308664683235e-01
5.170060530760991480e-01
-3.766812289922996659e-02
1.255563568016260234e-02
-5.183556823535857561e-01
-1.000000000000000000e+00
7.211317926818920920e-01
4.627711626176966853e-01
-8.642833689615589954e-01
2.207071448550027570e-01
-6.463142304460245402e-01
-9.597810517655678275e-01
2.813610678979138746e-01
-6.636821679054988321e-01
-7.389426573615822669e-01
8.712827887304083196e-01
7.526575698015633975e-01
4.361968101431801803e-01
7.340655992805861230e-01
-6.031416446827655986e-02
-2.358010706207501472e-01
-3.628147962887294797e-01
3.235352264842573239e-02
9.383133760858388683e-01
-5.029993303578125241e-01
-5.030507449628567329e-01
-1.318079048919386376e-01
1.041701037446465805e-02
5.741259890087301310e-01
-4.367700456226032424e-01
-6.786679580463866879e-01
7.370961228717318736e-01
-3.493226139680157272e-01
-2.191579382726198399e-02
6.402280354116660632e-01
-3.905438966745504725e-01
8.783631241498738307e-01
2.353100109499113302e-01
-5.307416304370290994e-02
-4.410724432019130781e-01
3.530686027681946837e-01
-8.331678893722160861e-02
4.034651331528166796e-01
2.144525206059018918e-01
-1.000000000000000000e+00
-5.121445872336544136e-01
6.483789631994731906e-01
1.000000000000000000e+00
6.132212556906472267e-01
-4.189820577555578573e-01
4.156153449772147512e-01
-7.560658542819743977e-02
6.191547950517897192e-01
7.315988588078657928e-01
