-5.306664618656734556e-01
8.556320751604959973e-01
-2.367290643566769687e-02
-8.067405415047271822e-01
-4.989775280005930846e-01
-6.175083180990879050e-01
-1.661402054825467656e-01
-6.420023436488453417e-01
7.998982123765613350e-02
5.744189298872389715e-01
6.567229080227406923e-01
-1.067789021735045391e-01
1.458866576403091975e-01
4.230490172352239231e-01
1.952076084757029539e-01
6.049966441938248174e-01
2.348725787319574099e-01
-7.320621423236706171e-01
3.552872921078933932e-01
4.918988142316004231e-01
4.357674320223985931e-01
-3.882617947571893602e-01
1.000000000000000000e+00
-6.654766167994196069e-01
-9.829592938501544030e-02
-3.928444032806213126e-01
-4.308977641264902236e-01
1.268891024826102054e-01
-9.299391430552979010e-01
-7.285972912863797335e-01
7.015410924643009638e-01
3.284599038142809180e-01
5.987132120345988184e-01
-2.680625726247247709e-01
5.829806011627161055e-01
-8.283319081507941606e-01
-2.597514026207009552e-01
-4.513040153595717086e-01
2.717672296211665062e-01
-2.632055761371284164e-01
9.507586009923427173e-02
1.000000000000000000e+00
-5.595370300790313278e-01
6.394552715277891375e-01
-5.115714146189795364e-02
5.469060492828956010e-03
-4.146063183829302168e-01
4.088816916757119224e-01
1.000000000000000000e+00
6.918342371479621056e-01
6.610395183011694709e-01
-3.599176232268288533e-01
3.766799775680115259e-01
-9.437711079782925561e-01
-6.460192121184514802e-01
-9.018168677622490081e-01
-9.705806429197867402e-01
-8.660243031852747908e-01
-1.000000000000000000e+00
5.617386010931053608e-01
4.583045948784354728e-02
-2.747401610619553680e-01
1.454855819705700715e-01
-1.000000000000000000e+00
-7.597158145718628519e-02
-5.584760794361720571e-01
-5.756519370118635681e-01
-4.778933427388037947e-01
5.383274238666931888e-01
-9.567908668699571795e-01
-2.793996778385452462e-01
-7.965046737678795896e-01
2.105768488740352440e-01
3.718905746435485216e-01
-7.825079193485363627e-01
-7.052249170008755286e-01
-2.501870315611514073e-01
-8.082099633955956985e-01
-3.267664535968312634e-01
-4.461690662984919842e-02
-3.541796368739377754e-01
4.116318442981975467e-01
-5.748451949848635278e-01
-4.272605215548517799e-01
-2.369423294361154841e-01
4.910223148091312495e-02
-4.951856546269580162e-01
5.439984110264670658e-01
-3.906347540848438271e-01
8.252019752492087967e-01
-7.615429882659452421e-03
1.264503823611873856e-01
-2.839651886392282609e-01
8.968409763296105730e-01
-1.841191337616718549e-01
2.621754866814929863e-01
-7.593996611035785937e-01
-1.707004072123894378e-01
-6.362485085417718400e-01
7.569665511774783528e-01
8.246465981237580678e-01
-2.899495294678586244e-01
2.927930478625826588e-02
2.338384865402082513e-01
2.975658620909855667e-01
4.154711734294220804e-01
6.567427161636454347e-01
9.061558969664749164e-01
-6.162384650073340353e-01
-1.000000000000000000e+00
4.699683809036909188e-01
4.471708132562334792e-01
1.234298821261740342e-01
-7.687566017151676867e-01
-2.599603376578795561e-02
7.687625405278543100e-01
-1.375045490462206144e-01
1.099635453530794227e-01
-8.792380527310997840e-01
6.728592184103282525e-02
-5.758943990213274411e-01
4.798208210636173421e-01
4.967855622428209439e-01
-1.773402714992779183e-02
-1.254351548894125923e-01
-1.209604272804376129e-01
-5.599323178944055623e-01
1.563031572511582035e-01
1.000000000000000000e+00
6.171685712470968976e-01
2.366026821533980251e-01
1.442906437586057022e-01
-5.290362627319710187e-01
5.756137777250736054e-02
-7.580786961196596119e-01
-4.453338345517655200e-02
6.672155386871319038e-01
-3.268577976727978229e-01
2.694406481017825317e-01
2.117389766086107961e-01
-1.000000000000000000e+00
-2.997482938183724244e-01
-4.871614040611853547e-01
9.220373296000327068e-01
8.085784372626525496e-02
7.841251080929364514e-01
1.000000000000000000e+00
-7.126194380547038465e-01
7.833140873797901360e-01
-1.093706569046594690e-01
-4.806615009542696271e-01
5.195700405889667195e-01
-1.557783736046980949e-01
-5.240036359083871664e-01
-9.693301184026351658e-01
5.843118655139428741e-01
-6.615099678210684120e-01
-5.641298259978003715e-01
6.320522428670359849e-01
1.718590053841918541e-01
9.139141523795490940e-01
2.904370087534489664e-01
2.813722247375011754e-01
-3.360471971385191048e-01
-1.574218923936047676e-01
2.375632961885537631e-01
-4.557006361806685835e-01
-6.674378949054717847e-01
-8.942161628383913374e-01
8.158583947008096748e-01
-3.345439037623192946e-01
-2.198866895010411215e-01
8.988386730620014919e-01
-2.641984065071625865e-01
4.485892765567485729e-01
-4.183493679977848267e-01
-5.079763134169488215e-01
2.145503035436548134e-01
-1.423903121879533662e-01
-3.855487114583391328e-01
4.187163660862244230e-01
-3.011687200502126127e-01
2.937705796906113775e-01
-7.822249127241845401e-02
3.264507351642495503e-01
5.789991613588816449e-02
4.337944315775569271e-01
5.954155583995000001e-01
-8.524353335289304445e-02
-2.404193120819799745e-01
-3.498276265158857534e-02
9.227403625013846922e-01
-3.672968072714991039e-01
-4.388462172370796166e-01
4.021654656679525819e-01
-2.960988061586045800e-02
4.873439470150190966e-01
-2.378455287651261019e-01
1.242645046851111566e-02
3.016793195409719908e-03
6.813683261702530025e-01
9.284014334337051810e-01
5.838412245552280222e-01
8.503465050545230275e-01
-6.340139257213572854e-01
1.959645881850266003e-01
-2.009491149891566575e-02
-5.669647144614106127e-01
-1.000000000000000000e+00
-9.476545889097509612e-01
-5.111943003271742780e-01
-9.469722121693203709e-01
6.440814605661348002e-01
3.245561955292719514e-01
7.606583010273970658e-01
-5.053279600344057210e-01
1.540158508390213066e-01
5.237314010223044214e-01
6.901743776252055040e-01
-8.238732005339246545e-01
-2.149860066631409383e-02
4.006376774399059496e-03
7.946369627909922739e-01
7.118259128876066599e-01
-7.031386170273841163e-01
-5.761585083530779139e-01
-1.027753541615705341e-01
-8.884254889410154732e-01
-8.487098443074223009e-02
3.330761667633982404e-01
-1.000000000000000000e+00
9.526780490234881826e-01
-5.771573661828652835e-01
-4.249422414241968426e-02
4.584114104565953363e-01
-2.681872747225707565e-01
-8.193533030761962488e-01
-4.816084588835611857e-02
-9.380224676855087873e-01
4.748067791624225875e-01
-6.737512828876286441e-01
-8.378086006033078625e-01
4.172396637466170843e-01
-1.457863738025245715e-01
9.725892209114753717e-01
8.479378262304065883e-01
-5.417666793695318228e-01
4.590788802041760597e-02
8.514608973197629327e-01
4.059760347131191049e-01
-5.114209410396860500e-01
-8.418720450978168790e-01
-9.339172971115050625e-01
1.961037758303727993e-02
3.632306330261246829e-01
-2.809402975724347162e-01
-5.095758621567073599e-01
-5.964945624234246901e-01
-1.663125788809797778e-01
7.261467923148449133e-01
-9.117622276976913298e-01
-3.033293585432363382e-01
2.545694831570364386e-02
7.450465434692198352e-01
-2.997615367279262144e-01
