-3.297415250959764843e-01
-5.829954834041589651e-02
-3.915173017513163822e-01
-9.621831290582314455e-01
-8.662395186211906406e-01
-3.170995223424717402e-01
-3.886581387192349357e-01
-6.265040479670269669e-02
7.273644469075976060e-01
8.592867809233181164e-01
6.625634770334594137e-01
8.531730860640346359e-01
-3.444000508978145580e-01
1.800117247636200679e-01
-9.177924825302066214e-01
8.097546198886098612e-01
-1.210441431762727116e-01
2.723305438587984156e-03
-3.005446054151003632e-02
-9.561018975235597850e-01
-9.619487376221828034e-01
-1.016353155917715245e-01
6.922578595840859217e-01
-7.569430072837408652e-01
-6.415010563503318330e-01
-4.837585447421535179e-01
1.717370732561761537e-01
6.273405149182956775e-01
4.487142684386075109e-01
-8.842636779760390531e-02
-8.933643781116571425e-01
5.363285674396267577e-01
9.979788933893387615e-01
8.550930052112052371e-01
-8.187390624442487663e-01
-5.471588835325000288e-02
3.544334700824447459e-01
5.932095618505504042e-01
1.000000000000000000e+00
5.326565514003749335e-01
-1.000000000000000000e+00
-3.426424635202513502e-01
-4.305742965286105117e-01
9.196239108254180561e-01
-8.450105065788546810e-01
-3.661329963414900468e-01
4.593409251812770600e-01
-6.816556433630697187e-01
-6.719451339661099976e-01
-9.465081061346422575e-02
2.260338812971971478e-01
1.514669013304529022e-01
-3.767664440646202872e-01
5.716825172976267577e-01
-8.880493156640757446e-01
-3.152367340478864910e-01
6.154199356941708610e-01
1.000000000000000000e+00
3.218354736560931073e-01
3.499511146320669064e-02
-1.000000000000000000e+00
8.582655218579807732e-01
4.383239157840096434e-01
1.639641483957556822e-01
7.898959169454426998e-01
-6.053905701883816048e-01
-3.712708434011289249e-01
-7.658714542934468295e-01
-5.995299508227869972e-02
8.626344684717965894e-01
-2.558192812971610275e-01
1.981923128085717467e-01
-1.811000736627328966e-01
5.980302759443789640e-02
-5.486168803600188770e-01
-2.458901449515774884e-01
8.860659283420604382e-01
-6.977649371015660629e-01
8.452686257164514494e-01
-7.770914403382345181e-01
-3.381363570421511699e-01
1.960017720887669845e-01
-4.466995954974101180e-01
6.250445140046818615e-01
2.741151641359245716e-01
-6.805279077176542568e-01
3.548147432802357948e-02
5.451695928180183559e-01
-4.557880393720638579e-01
-9.561369575893546857e-01
1.101243421337954470e-01
-8.152490707935766689e-01
5.018319906870236657e-01
-2.988299843674433465e-01
-6.963418943010206696e-01
-7.351881667112584173e-01
-2.732676932120750024e-01
-9.501173741835822195e-01
1.075015630271966560e-01
3.852621603238350345e-01
7.180153267012152618e-01
-8.488131876844075968e-03
1.891202361901881679e-01
-5.457217039475914522e-02
-1.697385272356426444e-01
-8.669666579216396274e-01
-4.879684064614503436e-01
-1.773902771424478164e-01
4.718236659041757930e-02
-1.978481600839320786e-01
-1.519887753333229452e-01
-1.153627161018454250e-01
2.409371929841396531e-01
9.307541888683757980e-01
6.184064315910599019e-01
-4.274040967951800440e-01
9.464045858126542976e-01
-2.238605497839274427e-02
8.163072123665582325e-01
9.367397896752788222e-02
-4.599803535586308723e-01
-3.738485940781761663e-01
-9.177797327026733509e-04
7.202183102449650764e-01
2.674186974899082081e-01
-5.924612754234334644e-02
-8.457412443306903949e-02
-5.091022746408069288e-02
-9.170115367526437966e-01
3.071744681540319322e-01
-1.443969781267668839e-01
-4.143319186792241426e-01
4.432137404319377305e-01
1.928184029086888601e-02
9.203027134995482861e-01
-6.652676251559697107e-02
-7.150705247667729081e-01
3.304907385645683982e-01
-6.232556227419880912e-01
-6.253841598371687183e-02
-2.974942663213452909e-01
-6.131063039055939523e-01
4.926648515706883447e-01
-1.394498308334591596e-01
-8.538399112460699492e-01
-7.128246490983137784e-01
-2.500875460815185636e-01
3.865908115657669120e-01
6.446101491573411058e-02
-5.510291212872651112e-01
5.690849466658536304e-01
4.590749830979435897e-01
-9.722863570587922943e-01
7.308748014232451240e-01
1.000000000000000000e+00
9.584616864461400487e-01
-6.784897950565348390e-01
-4.498948168887559329e-01
-4.476261351582928594e-01
-1.134041592609993931e-02
-7.762884477799530947e-01
-6.248251955031267624e-01
-5.613668348487245163e-01
-2.641962912977013911e-01
9.422464439922361157e-01
7.368720780503269507e-01
-4.116806489495240529e-01
-1.276136080845050591e-01
1.517538957117950671e-01
1.000000000000000000e+00
3.489354511285598370e-01
-7.742880128336466772e-01
7.864862975337527651e-01
-1.000000000000000000e+00
4.219652955415410800e-02
-6.845998764683529636e-01
7.921974859518922107e-01
5.917822867010767984e-01
-1.122917409956850077e-01
-2.520186141574279337e-01
-6.818979110691313072e-02
2.973693727956000510e-01
-1.705435593199752242e-01
9.082370398044385951e-01
4.630119684229078159e-01
-4.297325124171428312e-01
3.983324124946063804e-01
3.051887506927559723e-01
-3.855800011128465155e-01
7.531870852199035182e-01
7.498506643872147048e-01
-2.780986888650874289e-01
3.940939915322458353e-02
-8.294134357926387091e-01
2.404058791328763656e-01
-8.381830361526684814e-02
-7.797700515502018481e-01
-4.780366027367606852e-01
-1.909432231467229624e-01
5.396440545135825495e-01
5.173270870525968901e-01
8.545355816429827112e-01
7.819416013800500886e-02
-7.925629215709498743e-01
-8.705210753137340163e-01
5.523782959031845463e-01
-8.638754575004020664e-01
-1.000000000000000000e+00
5.718709193043046701e-01
8.353501330505685996e-01
1.045014882548837842e-02
-5.389770115348597734e-01
8.736623915526381401e-01
5.719413877109655875e-01
5.394414649551266816e-01
-9.389849631470092994e-01
-7.046085878343982811e-01
6.426615195271839776e-01
-1.507381524550671648e-01
-8.173344716272127330e-01
-8.831655319426701123e-01
8.450146703941541215e-01
2.350418160918080202e-01
-5.522820904821609256e-01
-5.600045167173820504e-01
-2.858094810911131212e-02
9.082686509400977881e-01
6.489541762512193168e-01
1.062738176532369017e-01
1.146196714327687161e-01
-1.990313297337144849e-01
-9.167688110828118297e-01
6.932281203995244168e-01
2.103839209005567146e-01
-3.632186080942921280e-01
-2.182370833190250270e-02
-2.844876694459199662e-01
-2.068047586858042797e-01
-4.281012674028631393e-01
4.509217669573289955e-01
6.215485438435844889e-01
-4.375073166597765462e-01
8.782491586542677808e-01
-7.748432118263128832e-01
-2.822264613939253763e-01
6.263288735136224306e-01
-9.435092861428677757e-01
9.919982221479910489e-01
4.067641698993374466e-01
-4.410995989248761018e-01
-3.112096907060917239e-01
-3.069899313235575633e-01
-3.287834991044299437e-01
-4.572698142916037933e-01
-8.045511691882061278e-01
2.595125463407658151e-01
5.314964583819219435e-01
-3.052462393094387827e-01
6.856511922947274018e-02
-1.000000000000000000e+00
-8.817680073384844830e-01
-7.142696989298619181e-01
4.848475376517262236e-01
4.656350304208756175e-01
9.366406923920341798e-01
