-1.000000000000000000e+00
5.047780408238546901e-01
-4.110591462036455868e-01
-5.619346999233454376e-02
-3.344007875965755439e-01
8.162440991602742946e-01
-8.698269508742229039e-01
-6.604428373501429750e-01
8.616965930278031038e-01
1.293560966861492800e-01
7.440336202669698418e-01
6.955288688883898285e-01
3.238058900328912859e-01
-6.286151922698636207e-01
2.851595224511717652e-01
-9.353306750831522631e-01
4.980608969277262599e-01
-3.108635159133290027e-01
-7.905304737706729812e-01
4.829446306555904567e-01
-5.035588972021388665e-01
7.947168767334894524e-02
7.863311585267104276e-01
2.235556514042852383e-01
-9.525789688565540203e-01
4.452241729321205765e-01
4.999947045027667847e-01
7.843875588264922483e-01
-7.524499124182160159e-01
3.105855949165043928e-01
-3.393127097885039190e-01
-1.662703581120458518e-01
-8.600082917730906829e-01
-3.861996805273939515e-01
8.384652472206446383e-01
-3.987822317285705243e-01
7.056027830394291378e-01
-4.624431994473300611e-02
4.311644930835991513e-03
1.000000000000000000e+00
6.746508502519381612e-01
-2.512076689474057045e-01
-7.785735741140604738e-01
-3.279702841734021268e-01
6.764642033034188318e-01
-4.379245959359364115e-01
4.669351289001084648e-01
4.406834162780473019e-01
9.014147191946341175e-01
7.213017727095857312e-01
-5.636964582338338525e-01
9.471063300511427530e-01
2.599441986598696741e-01
-3.624364075925197159e-01
2.764213140077950714e-02
-7.186311613986270941e-02
7.238264460865743155e-01
-5.612772270861225987e-01
-5.763299643909367553e-01
-2.976281390786676695e-02
-7.136031105673271702e-01
-3.241272460128920563e-01
5.751183286009798890e-01
-5.751149267828093992e-01
-1.303707974214570464e-01
-5.730587679939665169e-02
7.600670581326449682e-01
-9.126660501041512497e-01
-4.684407735070439949e-01
2.493219804966037845e-01
7.919115059329668860e-01
-7.480444060511239890e-01
4.082492327574865909e-01
-7.076496469362185682e-01
-1.300941425277584440e-01
3.213517338613145619e-02
-1.284950551859446455e-01
-4.042424025617509797e-01
9.585222561711055356e-01
3.803625937024134318e-01
-6.612860356210137347e-01
1.993016979773440944e-01
8.365079684830092344e-01
4.252445274808932529e-01
-4.074377317164975393e-03
1.000000000000000000e+00
-9.058706456184686395e-01
-5.653953944133606191e-01
7.702879585132884621e-01
-7.971583522449245951e-01
-1.000000000000000000e+00
-8.365385390090659401e-01
-9.786190848701867839e-01
5.010938626205978519e-01
2.754937541677027757e-01
-6.404468082501139081e-01
9.364830165055838540e-01
-2.453527748440668954e-01
-1.000000000000000000e+00
9.466537682125150677e-02
3.148701407260408591e-01
3.551174497889603709e-01
-6.124812819761336069e-01
-3.652416960379214483e-01
-6.239023684321620689e-01
-7.685970020323218410e-02
-4.129066779512934882e-01
-3.629121236221948821e-01
8.377899361558177604e-01
2.752855849095506291e-01
-8.489000342404684485e-01
4.338557721167128345e-01
-1.815075669713014095e-01
-7.021696676026815132e-01
-2.402964766692974041e-01
1.817407940980451109e-01
-8.539656629732965687e-01
-1.715627749385796874e-01
7.964900702894976980e-01
-4.488619972303928285e-01
2.338720816317344520e-01
-4.081587124533848643e-01
-5.127992208124312334e-01
6.709099527267512464e-01
5.602691214833778188e-01
5.096226471134546882e-02
5.515533455790053718e-01
-9.449404523157074465e-01
-3.861672689183842100e-01
-3.698053196993712488e-01
-8.885081167489518039e-01
-7.060168398442745463e-01
2.720029837723051888e-02
6.788208234069453839e-01
2.188302256014459379e-01
4.780474264413479557e-01
-4.482975975832982352e-01
6.461512831853960526e-01
1.313815380502579289e-01
-6.980026918276824310e-02
9.200363020474512377e-01
5.706308520058031020e-01
-4.976961386934559695e-01
9.844466938646564413e-01
5.833927482211532789e-01
8.147710647300561160e-01
-7.716398515758373655e-01
9.391914367552440801e-01
-6.276433624880071172e-01
-4.845186249003777812e-01
1.960892692072348231e-01
-6.390259640008018049e-01
1.215614576124494778e-01
-7.527401419101980018e-01
2.272984956723332617e-01
3.789180359838599521e-02
8.518715214045542439e-01
6.652452413333549697e-02
5.208708267789710078e-01
8.008247976713464000e-01
6.355775249573372143e-01
-5.638639549998858413e-02
8.842742585905259967e-01
-2.236529043092736202e-01
7.492916163699334664e-01
-6.313545186165169243e-01
8.771271705899692517e-01
-8.128518350364071221e-01
-8.655967752599331710e-01
-1.359035568691186469e-01
-1.032047090399038081e-01
-2.494997877252166374e-01
4.366164655670604078e-01
8.592538523274181328e-01
3.585888295133539128e-01
3.733417465492633869e-01
2.502565854301768700e-01
-1.000000000000000000e+00
9.019840492551675637e-02
-5.635830634868757016e-01
6.893616615723942020e-01
-7.552008858189440677e-01
-4.391959189255848495e-01
4.658541106606968740e-01
-4.072604221691014659e-01
4.747604651926815023e-02
-4.128074652042509896e-01
-8.119429588143176613e-01
5.208454192208504530e-02
1.599109909400159846e-01
5.630096810627936987e-01
-6.552949082034107420e-01
1.970980556099495296e-01
9.257247500411279750e-01
5.559564887723443816e-01
-8.215259229122489071e-01
9.984638394284841567e-01
-2.833292118121619185e-01
-1.346023114708846391e-01
6.472228994883504338e-01
9.048845562185846569e-01
-1.243918804392099287e-01
1.638394868760052470e-01
3.485424537248066335e-01
8.711457567411194924e-01
3.051047328034314221e-01
-3.778522147961929090e-01
9.353488452020526367e-01
1.000000000000000000e+00
8.411961477552912791e-01
-8.953787490196779553e-01
1.231004137667662812e-03
1.326380546508871827e-01
-4.263026183116053747e-01
-2.861346842391721337e-02
-3.334111393768195430e-01
-3.118762405895397216e-01
-3.214501737078669930e-01
3.478703718137147738e-01
7.593724097830906183e-01
-7.369232228640890670e-01
9.579188553710801246e-01
-4.208126512411601849e-01
2.801401164542856037e-01
-9.699532453546128030e-03
6.734853796954526350e-02
-9.658887581009738543e-01
9.714292468959055959e-01
1.000000000000000000e+00
-4.342039549065526138e-01
-4.856450003783183700e-01
-8.463204838166645816e-01
5.321907466536908160e-01
6.297763836649492575e-01
4.989684426141590690e-01
-1.309777224521112560e-01
-5.024651595073182930e-01
-2.088482681370238958e-01
1.650348243414511695e-01
-9.128360888350450786e-01
-7.467740420208888175e-01
-8.534352610074228407e-01
1.000000000000000000e+00
5.427204252714508126e-01
1.505200825550077892e-02
-3.610706709949386140e-01
-1.207393711303559602e-01
-3.035207749536188437e-01
3.767202265368599923e-01
5.932616083116160066e-01
-3.599840509414435341e-01
7.295079760491460785e-01
3.181244270804714502e-01
7.511705860765636178e-01
-4.304988488321422058e-02
-8.982055164808425696e-01
-8.955765596653627592e-01
8.072650072093271456e-01
7.888146755278084843e-01
1.697187181170520254e-01
3.487839838938719961e-01
-7.484812272189605986e-01
5.110523120179630285e-02
-5.232493947071810148e-01
-3.482739257929907128e-01
