-6.521632064106267501e-01
-3.579031162885696893e-01
8.655539460310087696e-01
-1.000000000000000000e+00
-8.002210719354556634e-01
-8.425269413808448293e-01
-3.299936189497048034e-01
6.239824267910578648e-01
9.855262301048924867e-01
2.817283215002508445e-01
9.916822779229238494e-01
-7.753026101273442494e-01
-6.562968587923240227e-01
-8.292930346651470330e-01
5.506188249365322196e-02
-6.322043536616709369e-01
-2.261628648478795633e-01
-4.412714588713930741e-01
5.862109752975310784e-01
-7.060145142355523928e-01
-4.375191231505189959e-01
-2.208599593538833616e-01
-1.960138910433260884e-02
7.021421074810219043e-01
9.638449492677816366e-01
8.694631473540757882e-02
4.562941551074219809e-02
1.000000000000000000e+00
-6.097084889588308965e-01
-7.173962955525879925e-01
8.443131288261626621e-02
8.317732011852671525e-02
-3.707370825338386355e-01
-4.740330556588974731e-01
8.534057266546778431e-01
-3.981993712255109674e-01
6.278258574532430414e-01
8.565418731274357933e-01
-5.022105478155207692e-01
-1.161858398118246483e-01
-2.642396848324140013e-01
4.374284844865066191e-01
9.141130635257697090e-01
7.452051788416312883e-01
3.587446842079951015e-01
5.077059942358486122e-01
-4.275169596843144126e-01
5.793846533554811717e-01
6.312874984092361474e-01
-4.975783210982829274e-01
9.840739911008715701e-01
1.965863498796883990e-01
6.965847916381511240e-01
-4.624516000343010247e-01
-1.673275798290917160e-01
-3.059930878617272976e-01
7.018202400248307882e-01
-2.893947860596640109e-01
-6.541901571280248628e-01
3.184471833530640450e-01
-1.000000000000000000e+00
7.192550805470618869e-01
5.154144314844562036e-01
-7.299371557540210720e-01
-7.840850412894514454e-01
6.775909295079237671e-01
6.189895318072735630e-01
5.353122027995127485e-01
-4.623707082740377561e-01
7.156782852858041277e-01
-3.038283140092762347e-01
8.090065321710557256e-02
-7.784450741168243981e-01
1.291627574465319117e-02
3.048665506150033400e-01
-3.716372763958641912e-02
8.824465157895700074e-01
-5.519932103154336911e-01
-5.120309080465140772e-01
-4.474839507453959864e-01
-7.423122550871993353e-01
5.394142517814518728e-02
1.292369323283162341e-01
-3.641349952135405910e-01
5.011744483715060428e-01
1.000000000000000000e+00
-1.000000000000000000e+00
-1.606802893711034574e-01
-8.330302544211015681e-01
-4.054471612921320411e-01
-2.439195707908557165e-01
6.731923792723386590e-01
3.370689961566482040e-01
5.333827690315597891e-01
2.240540997624621000e-03
1.000000000000000000e+00
6.532634672237098705e-01
6.619037204458908530e-01
-5.898098058976128932e-01
-1.558798705278072461e-01
6.296354981015718222e-01
3.260710566351671114e-01
-8.978033342352482737e-01
-1.459222469568006719e-01
6.663405413368076458e-01
-2.204364425933503235e-01
-3.517101893753220021e-01
3.787997419988891612e-01
5.140844055473485774e-01
2.232462673991727486e-01
1.497950616065092666e-01
4.879265381249275890e-01
-3.001831191838525426e-01
-4.419033261998771556e-01
-9.830977136723598742e-01
-5.811164067873365591e-01
8.240728767819011091e-01
-2.816765978793556169e-02
4.487404352256750273e-01
1.000000000000000000e+00
-8.829166083223867201e-01
-3.668583115950067031e-01
-9.748351345040369154e-01
4.836445316216048673e-01
-7.344180170605825175e-01
5.274887432253139163e-01
-2.143868966351788752e-01
1.663678486028646875e-02
1.576000266097427327e-01
-9.052267070351053269e-01
-4.053147242139024664e-01
-1.000000000000000000e+00
-7.876269285135307774e-01
-1.919413655091259385e-01
6.432272623204470241e-01
6.650876827120378865e-01
1.006988848588352553e-01
7.500529071399525405e-01
3.647369605624594668e-01
2.633852944971874499e-01
-9.868236477021987696e-01
-8.254574699995823606e-01
3.589090566942758076e-01
-6.893090265964750829e-01
-7.849644737398071559e-01
-8.674017804135515375e-01
-3.596585427259501033e-01
6.793168937943573349e-01
-4.076834430721832936e-01
-5.797000484280813160e-01
-5.622085472425842889e-01
-5.657491553994890010e-01
6.383318850647689002e-01
2.266937948318078766e-01
-9.825920303605417683e-01
-9.182830958666712839e-02
1.000000000000000000e+00
-7.503342120846849816e-01
2.487106026177134388e-01
8.068254003540900610e-03
4.467131558450901374e-02
7.029839073851158471e-01
7.566285552974385542e-01
1.793590246819191936e-01
-1.839125586318973160e-01
1.000000000000000000e+00
-7.350305510685654076e-01
-7.237749795333143776e-01
-5.139131686322070403e-01
8.844107129827828429e-01
-8.653158806154920279e-01
5.623678826640902129e-01
-3.631597569818221238e-01
-7.800211775906329414e-01
4.002979194824775044e-01
-5.768625263275254378e-01
2.287224774166658203e-01
5.668364333503654873e-01
7.175336093916284685e-01
-3.926003437169515720e-01
-7.784183525206108678e-01
-9.603040157849009884e-01
-9.643953372443203609e-01
-7.823976361049624906e-01
-4.274391115596048452e-01
4.159811288508404314e-01
-2.915352099375578820e-01
6.841981910199874672e-01
-8.756800809029479105e-01
-3.699481751116296957e-01
-2.467236902312490154e-01
1.381054934719520844e-01
-8.823160955181541532e-01
-4.278519304017653346e-01
-4.831262435557697188e-01
-8.285614255019428942e-01
-7.121736127038360564e-01
-9.168036654820602704e-01
2.987558624214032843e-01
7.567501407098714550e-01
-5.513809963278358817e-01
-4.169620456674061337e-01
-8.272845148307224061e-01
4.444259781052081748e-01
8.386243668994465272e-01
-5.658109492472919166e-01
-4.436375877194518313e-01
-6.505612368909167997e-02
2.481227295223096263e-01
5.337502506359572685e-01
-1.868490558768841625e-01
-5.606586500894370495e-01
3.652410657737965027e-01
8.108697104738097350e-01
-2.618432114522382115e-01
-5.068431197599081450e-01
-3.753312996135594326e-01
3.535902259247754309e-02
-7.570056850031798845e-01
8.450764025900765475e-01
2.433570350428179430e-01
-9.192432651580578762e-02
-6.299266567531143224e-01
1.000000000000000000e+00
1.000000000000000000e+00
-1.000000000000000000e+00
-8.341925113665105140e-01
-5.575044121854210166e-01
2.719105482392156214e-01
-4.385832072914401802e-01
-3.537057476587450733e-01
9.960885176494777005e-01
3.215449661690521488e-01
3.695290129541913687e-02
-6.309203777858304885e-02
-3.973018180895312446e-01
9.454081392463541400e-01
-3.696083230873412617e-01
-6.352391526266991661e-01
-5.714420873644253662e-01
1.144251253579769423e-01
-7.287027106235837159e-01
5.458550618181932101e-01
4.645566852683434833e-01
8.481288808564710902e-01
-3.678572272588096492e-01
-7.824056236421239596e-01
1.192067489504560068e-01
4.052270314487433356e-01
-1.598880161314623904e-01
-5.043010891094420467e-01
-7.257631034347322707e-01
3.774235216954786171e-02
9.420383572709116748e-01
2.101108788548204931e-01
-4.482638896746278245e-01
-1.000000000000000000e+00
3.039612441262185549e-01
1.000000000000000000e+00
1.818321618170126996e-01
-3.346422123464583009e-01
-4.400857235009944524e-01
7.448641259980712803e-01
7.391790337422651236e-01
-9.889413025651386802e-01
