6.711868638306638102e-02
1.097659447002482247e-01
-3.894311792202959088e-01
-3.253685103811738144e-01
-5.806393562084953830e-01
4.294630184835794839e-01
3.772250432632904271e-01
-3.062094446417727434e-01
3.119992518077147614e-01
1.610561959658777242e-01
9.174611350356320916e-01
-4.891025955516523638e-01
-7.998844489542473735e-01
9.674376633891794697e-01
6.735204939721813888e-01
3.407632672759434156e-01
-6.104307228913800065e-01
6.749285088374820663e-02
-7.809789442093370559e-02
8.502184634786376094e-01
4.992188605532526524e-01
7.038276987796010520e-01
7.945177565422512078e-01
-7.376380656737659136e-02
-6.713485176260246545e-01
-1.973629993468039578e-01
-5.125019326223899663e-01
-5.658073224035541360e-01
-8.999255948910303560e-02
-5.242408360192107875e-01
7.748429548088148211e-01
-8.049385630541187053e-01
-3.373991124091560434e-01
7.599943176969909953e-01
8.105522815924635083e-01
-4.137709500566240095e-01
3.977750737947199355e-01
-6.206573382749455137e-01
6.113925702729521294e-01
8.780565017410933981e-01
-8.489012718916950639e-01
9.086522164269970059e-01
-5.628758158055912064e-01
5.997677942108503579e-01
-1.000000000000000000e+00
4.220093367379186278e-01
5.681980059778021230e-01
5.536327555810643952e-01
5.147044977148681338e-02
5.345620571409631649e-01
-2.812740307994190392e-01
-6.963946833487165700e-01
-9.189706574587269694e-01
-8.094775044338147207e-01
-3.220633219644930545e-01
-1.641177600319186636e-01
3.228177100886856499e-01
3.197529855386947450e-01
-5.589264201724148950e-01
-5.317988641833738539e-01
-4.579146241992127497e-01
-1.000000000000000000e+00
-3.003345204365699406e-01
2.865289099447899113e-01
-1.000000000000000000e+00
-7.296721414555165097e-01
1.452745685300081691e-01
9.335388825760120302e-01
4.538816584688721845e-01
-1.490910812718543588e-01
4.433839639077660211e-01
5.512390293614519710e-01
-4.622586445468602201e-01
-7.607696720646363042e-01
-1.000000000000000000e+00
-6.421512708807470826e-01
-5.944956630813421489e-02
8.379442295556640552e-01
1.463625410746376421e-01
-9.590006263569705869e-01
6.198115770177404782e-01
4.641928974687004050e-01
-3.178880549659370003e-02
-3.113271587977926580e-01
8.577483396550924510e-01
8.594439464910201831e-01
6.463413791083916227e-01
-6.951253727877784172e-01
1.792319009653095263e-01
-8.965141684666916300e-01
-6.641306132693020059e-01
1.000000000000000000e+00
5.376774324892580337e-01
-3.208230691266529822e-01
-7.829595970445160091e-01
7.226779606688131796e-01
5.636571642784090619e-01
8.628999127883021925e-02
8.745024769511365870e-01
-8.428279054793346159e-01
-8.040001810650645453e-01
9.242133508502142769e-01
5.152438593948934775e-01
-2.958241517761482364e-01
-7.052417180614329872e-01
8.816389743733341611e-01
6.951402352400329887e-01
5.868207816983196379e-01
4.172208154985326822e-01
1.264920243988678361e-01
-8.422187156420513077e-01
-5.194915297034669033e-01
2.983275073007157219e-01
1.376518172976837484e-01
-4.249607567937043751e-01
7.148805115830438872e-01
-3.626091665126636165e-01
4.792051725229246606e-01
2.857600249218368305e-01
1.058076451957783992e-01
9.152884558718439312e-01
-1.187815596978589877e-02
7.213712854486544757e-01
4.715151124610172384e-01
2.359655268027212871e-01
5.923272588887984469e-01
-4.791536206142854026e-01
6.912877408415076808e-01
6.427739668477260304e-01
-7.318882798543950852e-01
-1.594349876145734757e-01
-1.512351206139999349e-01
-1.792790193433297929e-01
-8.871192009346947627e-01
4.713205103043032196e-01
-3.539701978734291488e-01
-6.424376809864682514e-01
-2.506749613309501856e-01
1.000000000000000000e+00
2.958404232771377762e-01
9.700341862577932517e-01
8.614123767307869661e-01
5.286073260216768155e-01
2.088749556751967051e-01
1.148265854230653277e-01
7.118188375908011123e-01
8.785914699265067185e-01
-1.216679587303523685e-01
-2.658268603798610852e-01
4.911026543950207102e-01
-3.969792660144391139e-01
-4.958614803777489088e-02
5.377715578659104656e-01
4.484393316657201423e-01
-8.432643777933371276e-02
-8.644132009870042488e-01
-1.803963279084366267e-01
-2.569531213797541236e-01
2.605156071071331181e-01
8.392538855911123585e-01
6.924728692190378343e-01
3.160348638967592771e-01
-8.773501233182449122e-01
8.212289833237791381e-01
2.435189749184081265e-01
-8.763639779999498058e-01
-5.896866850558405426e-01
2.547656852550710949e-01
2.440120339210462563e-01
-9.267817047645496298e-02
-3.909639150673341890e-01
5.980914786936630811e-01
1.000000000000000000e+00
-6.193583956559693959e-01
7.474883452079448265e-01
-4.021512618692670293e-01
1.865782025421633128e-01
1.668681199467342002e-01
7.942607978928740986e-02
-4.563304464201112243e-02
-3.934025573445318336e-01
8.254336696944298835e-01
-1.000000000000000000e+00
-3.593054022157085026e-01
5.121391258134256885e-01
-6.007044669455868791e-01
2.237388565880585323e-01
9.487499699441484524e-02
4.827515200760896796e-01
5.852222064419280168e-01
4.470182467211764044e-02
3.398209871681940331e-01
3.966355148170833678e-01
1.140056230581548702e-02
-2.109242183222702349e-01
5.327859165072803549e-01
2.457792367041274351e-01
9.770996684293076218e-01
-7.907670676305816881e-01
4.642146198779736194e-02
-6.108226977098796251e-02
4.630397188630005351e-02
-2.917309620792528646e-01
-9.658522785023315738e-01
3.632460949166722575e-01
-3.268487096040186002e-02
9.597542633128574030e-01
-2.807733776883476473e-01
2.033048160740594246e-01
7.232912257709162018e-01
-1.000000000000000000e+00
-4.718726511672797358e-02
2.735185531831653138e-01
9.597730488689126815e-01
4.357506966679720178e-02
-8.683378788964829509e-03
-5.429670341149068769e-01
-4.047732248580147019e-01
3.284328150422952675e-01
8.573867349662012138e-01
-5.420079547891960559e-01
1.067024999169241262e-01
2.972203224781109765e-01
8.613053823248812968e-01
-5.604782566266095500e-01
-5.891746339370840246e-01
-3.863412074808835750e-01
-1.744448507230013656e-01
3.281677339093743706e-01
9.145534295268671343e-01
1.666960381682638381e-01
1.036434632380050097e-01
9.197700370722883267e-01
9.456261935952265940e-01
2.573781711219929463e-02
5.788852756571122304e-01
-1.694822267417664119e-01
9.300267166891146298e-01
-9.400316272465973899e-01
2.467658078883573358e-01
-6.317484785793436863e-01
-4.304182940833836679e-01
4.723399075849062934e-01
6.612863463119613705e-01
7.707443170478402161e-02
1.000000000000000000e+00
-9.330937559660799074e-01
-9.835348865445892041e-01
9.458340940042685441e-01
-6.001831147315987991e-01
8.756993213098239748e-01
-3.038723590039344447e-01
-1.432616705906515284e-02
-4.744818193858815758e-02
-8.712603032742034515e-01
-1.000000000000000000e+00
-8.153219835778807711e-01
3.372555232821531912e-01
-5.513787803515258767e-01
7.523772725551055585e-01
-1.000000000000000000e+00
-1.696632959209814773e-01
6.651305184886198152e-01
-5.127005021013264496e-01
1.843548603780698347e-01
