-8.519331389394588783e-01
-3.870825360993281339e-01
6.491990408206725904e-01
-1.021558513707889748e-01
-5.552529432809529819e-01
-1.912264262297111161e-01
-6.240220339672380989e-01
5.015452416569932126e-01
-1.000000000000000000e+00
-5.900344157568465642e-01
5.984944511621983487e-01
-8.647536426566557743e-01
-8.255597282104808476e-01
-7.817684298868212700e-01
-4.593868875870258939e-01
-5.370562704286999667e-01
-4.429999588770756613e-01
-8.430140750995001042e-01
-8.876566592472617812e-01
5.314130054322796504e-01
-7.627181437800667485e-04
4.487897475655074353e-01
-3.150095494372090466e-01
-6.962793199923175691e-02
1.045305779331871937e-01
7.608545879803479961e-01
5.708438504246062806e-01
-8.290798760255089217e-01
-9.627165889368548557e-01
6.840475997623508553e-01
-8.358611105254410978e-01
-3.841259480593831044e-01
7.267704144987041648e-01
-4.672288342380053749e-01
1.168680519124526418e-03
-8.613386730640277822e-01
-8.463077252597634992e-01
-8.971153543303170830e-01
-6.582503066635538858e-01
5.822217714389062992e-01
-6.638811171083324192e-01
-3.359197076134497473e-01
-1.000000000000000000e+00
2.031368736691174515e-01
-7.865681722607588133e-01
-2.188199042751986234e-01
-6.125602838066572797e-01
-4.933908053056547671e-01
4.619638102357367382e-01
-6.771912541104203598e-01
2.374624260402914688e-01
2.474409255044779099e-01
1.776906278839557318e-01
-6.016517934113266852e-01
-1.000000000000000000e+00
7.911388898840059358e-01
1.570899065987931831e-01
-4.888641116418591254e-02
5.507776718300519958e-01
8.935028018724257282e-02
4.620757535096524649e-01
-4.021345863811725541e-01
-4.402940509293641336e-01
-5.087097400275809589e-01
2.976888180195983447e-01
-8.173085865257797566e-01
-7.643802653017601756e-01
2.593216638058975509e-01
-1.000000000000000000e+00
5.853370093513659000e-01
1.767881875286232418e-01
-2.720108725076286205e-01
-6.927774611913731229e-02
-2.123566873390437260e-01
9.587643390422730949e-01
-7.368878445808274558e-01
-4.206046341674553601e-01
-9.671082123303914591e-02
-4.587556467042969155e-01
-8.142609452344011789e-01
4.810039546839841584e-01
-4.252969106230741758e-01
1.000000000000000000e+00
6.557712639110963027e-02
-8.465660979265435815e-01
9.367960104161632273e-01
-2.661102482888070275e-01
6.155662188440064186e-02
-1.655772516781192916e-01
-6.645823425829336939e-01
-8.667768124912760275e-01
-6.362069061494776134e-01
-8.817536477696252817e-01
-1.899890878197427746e-01
-5.906189737499401016e-03
-3.148388376982044212e-01
-7.474156089179971874e-01
-4.513540023324346673e-01
1.068656265404974437e-01
-6.104534959566820795e-01
-3.192557535598755658e-01
-1.232737651376242111e-01
-1.000000000000000000e+00
3.705346241881246061e-01
8.514117902600576437e-01
-8.376825881293891163e-01
-6.477729466961918980e-01
-2.528525212133385103e-01
3.450250677636004792e-01
-8.582579986178642262e-01
-1.000000000000000000e+00
3.080828020275960810e-01
-1.765511581415407649e-01
-1.000000000000000000e+00
-6.401876552697206568e-01
2.140569286035584953e-02
-6.354602052895084174e-01
-7.153671905272327436e-01
-1.202448869304754975e-01
-9.086717209454900912e-01
4.686046592833758573e-01
-2.230436451521002617e-01
3.606751921480858547e-01
-7.111790783640733471e-01
8.139624018848299336e-01
4.322764463451371775e-01
3.176849946126850122e-01
-6.495606004741931727e-01
1.520252238603141404e-01
-4.585709362753289109e-01
7.877102407165786913e-01
9.948266339717140583e-02
4.076210149716318343e-01
-1.054771775346483864e-01
-8.977217358155128446e-01
3.241753749131732337e-02
-7.067356664919435261e-01
4.660420147437195348e-01
-9.795843498914356129e-01
-6.375784120584410131e-01
-7.470734912202663391e-01
5.671330461650883059e-01
6.121531493696278359e-01
-6.380265013413324304e-01
5.190337069002957104e-01
-7.115169859515668715e-01
2.064441045363050731e-01
8.560770479443886583e-01
5.195888263824808284e-01
5.809773722079520919e-01
-9.890380727342629186e-01
-4.889468432010299348e-01
-8.593962823767176129e-01
1.499041433906817822e-01
-3.445427824979492293e-01
1.399449538529077830e-01
-4.580769490707499170e-01
1.211023458284608972e-01
-6.645643704313556333e-01
-4.490351984897237442e-02
-9.827618021804455095e-01
6.680286423150176844e-01
1.668572486727626369e-01
1.367459244131348228e-01
-4.629748496585680551e-01
8.947661768322198172e-01
8.851557181316457301e-01
9.230562229228179705e-01
-6.229599697309019524e-01
-6.881327010748566897e-01
5.079929645100993429e-01
-8.525349105446437814e-02
4.129546280785426071e-01
-2.723921701275804907e-01
7.430224387508410633e-01
-3.439202846112731082e-01
5.324593042249288199e-01
4.995541772715169637e-01
-1.709226421544732810e-01
6.669801577318269503e-01
-1.694472456922199721e-02
-6.220643837950821098e-01
8.956071564275123187e-01
-9.509031021734333233e-01
6.170170953131117741e-01
-7.401356500477052069e-01
-6.375055735304182569e-01
4.418522434234681828e-01
-9.325628744644439694e-01
6.709135293576217185e-01
5.475887306740484517e-01
1.195170562590255614e-01
-1.000000000000000000e+00
-3.627794599260802944e-01
1.589822477921559452e-01
2.117606658724890956e-01
-1.000000000000000000e+00
-2.872459563689239506e-02
1.882757135813621363e-01
-6.404754564320375154e-02
-2.439213056592854090e-01
5.999046464653243760e-01
3.045118512032952973e-02
-8.096030599082563173e-01
4.638188054338598376e-01
7.224591657491495900e-01
6.418532746889873408e-01
7.813196911431181668e-01
-2.974437822580287549e-01
-3.320296227877188588e-01
-1.000000000000000000e+00
-9.978681184152176087e-01
1.702279021068111853e-01
9.373560992117145885e-01
-2.732663474228324563e-01
-7.973968439882673787e-01
2.026100875456944908e-02
-5.209087961092400132e-01
4.211435521208478638e-01
-9.241944456076969239e-01
-2.184101925309552827e-01
1.986237223867982626e-01
7.990752848441008416e-01
-5.742513818972027062e-01
-6.499598372964906501e-01
4.530036703329781145e-01
-7.736246229800893826e-01
-2.706983498733810389e-01
5.162877035229809231e-01
-6.599661042648685694e-01
5.900697879201054485e-01
-4.758278269986541686e-01
4.812315774930262524e-01
-7.087669128395939211e-01
4.898340663327994116e-01
-3.701710576588861934e-01
-2.955605822253327131e-01
4.282936393290890931e-01
4.653348563101186719e-01
7.387819139068235730e-01
-3.040889713321821564e-01
5.874633625496384903e-01
8.140409232251117899e-01
5.020981142591928181e-01
-4.359932724328813847e-01
4.541030237627196042e-01
-5.951654200580037690e-01
-6.432664491982167387e-01
-1.000000000000000000e+00
1.357622053115506433e-01
-6.063952283394271614e-01
-1.000000000000000000e+00
-2.507548827222535470e-01
7.753056613395110652e-01
7.406299150631272532e-01
2.282279686210907377e-01
6.196265302658320318e-01
2.876050027066713310e-01
-4.282011490089564498e-01
-7.705286693931812092e-01
1.843533217590151985e-01
-4.357302472553006290e-01
4.363199040945796026e-01
6.352274853172581448e-01
7.561888596971828580e-01
