-7.890055701050722181e-01
6.704450662095744473e-01
-3.884363525457915078e-01
-6.075249811646414866e-01
-1.945404054474847988e-01
2.899840794418218626e-01
8.047033738168521966e-01
-5.639537273992910604e-01
-4.747447511500764161e-01
7.418838150027242673e-01
8.291639603954303883e-02
1.000000000000000000e+00
-8.217165073964745048e-01
9.729340226341220976e-02
8.265352642896173219e-02
-7.162617097329447846e-01
-6.989190126534738923e-02
9.559743379638230287e-01
-3.357932297898192919e-01
3.377011348660842183e-01
2.759398363969173262e-01
1.489769510898033555e-01
-9.875461659621609378e-01
-1.000000000000000000e+00
1.000000000000000000e+00
-2.075335097004971374e-01
3.222866440621935391e-02
5.367538284603677878e-01
1.068170994566721432e-01
4.561621053774807255e-02
1.084000980711521400e-01
-1.000000000000000000e+00
5.594594862355348752e-01
-6.233210275333734840e-01
-8.559405270873376992e-01
-4.368928699824065065e-01
-8.718642788314693304e-01
1.000000000000000000e+00
-3.838362365334215265e-01
3.149715873775502106e-01
-5.435803148789003503e-01
3.782606905502003958e-01
-5.723103123810661108e-01
-5.835063632413243218e-01
2.343772659325777941e-01
1.000000000000000000e+00
-2.394362134919683638e-01
1.103269016597828583e-01
-2.537415977461414118e-01
-8.060909305300991701e-01
-9.100871029279614666e-01
-4.405103215040209186e-01
-3.666923154740373003e-01
4.822144097904710880e-01
-5.680553990255770014e-01
7.198965896138227460e-01
3.720744635145067924e-01
-1.000000000000000000e+00
1.641660225410781770e-01
-6.395764516633895003e-01
-7.275393351472441150e-01
-6.718414967374792823e-01
5.008753513234390775e-01
-8.660458644713461274e-01
4.584572561003152913e-01
6.444029130196571309e-01
-9.996542863636128651e-01
1.188840507565445126e-01
-1.429050828651066696e-01
-1.560962327091486301e-01
1.578521565080924227e-01
-1.711071991991234831e-01
-2.848041339297529007e-01
-3.573563828600245795e-04
-9.020385330865283713e-01
9.117131215590342785e-01
-6.222430319573726276e-01
-6.709879590693159646e-01
-3.084762625086956422e-01
-4.664891162473599473e-01
5.333662418567064467e-02
3.316116697483267317e-01
5.902975566484448544e-01
-6.644487899727978819e-01
8.709757971074129079e-01
-8.299795901246395657e-02
-7.263961216158247858e-01
6.160328943769519672e-01
3.780760011029921097e-01
5.719482932912114403e-01
3.644240923674563759e-01
5.000020150301764943e-02
-5.298127935656210541e-01
-5.776135289079835644e-01
4.136147842251827189e-01
-3.219144970066529221e-01
1.491884665377540831e-01
1.939106884416715859e-01
-4.239092328139631993e-02
8.686624579126896173e-02
-3.679247968126085899e-01
-3.248617539538557475e-01
-5.857752628086755620e-02
-2.402908254385923981e-01
-8.629170262900952570e-01
-9.572099819083559891e-02
-6.961949709042212220e-01
-5.199723204676998112e-01
-8.206443384460624380e-01
9.008292934783768136e-01
-4.077444284233032457e-02
-8.200311501739643294e-01
-5.452574894609781841e-01
6.313184535046277857e-01
7.823710355176101139e-01
-4.053869017562428123e-01
-3.857098784518250834e-01
-3.279736211163188919e-01
5.812674742008671069e-01
-1.182090555493156142e-01
-9.529338310927790712e-01
-1.468621155145879986e-01
3.114088671784676632e-01
-1.023951679754597777e-01
-3.235179284006552414e-01
7.974818266884998730e-01
-2.170707647937324472e-02
8.319061008561039472e-01
-4.105175440010681021e-01
-6.368239004850482221e-01
3.277063400896390588e-01
1.000000000000000000e+00
4.844048650159584191e-01
-4.567420844659730306e-01
8.183247005858468315e-01
4.002770313981365291e-01
2.388016448057102004e-01
-4.134175108437240231e-01
-5.292196493534248036e-01
4.704402182977833746e-01
4.653703433609866491e-01
-5.105193537203963627e-01
3.634532369959115883e-01
-8.454058779952353109e-03
4.236349709541073483e-01
5.189120216252872675e-01
3.115337380074417739e-01
-5.958639563181691856e-02
-1.014865823391331856e-01
-7.843761532445464590e-02
-6.938275285288750815e-01
2.133337340817601790e-01
-6.319600410130321588e-01
4.637769628421960499e-01
-2.900655919028945484e-01
1.513381564099253729e-01
3.071263225678250164e-02
4.269034851138694409e-01
-8.997364345522268492e-01
9.200974350495867427e-01
-6.525745775042042229e-01
5.357742486388393788e-01
-7.575535582339477658e-01
5.781173890515314273e-01
-7.893937061084699280e-01
-7.771237274311371124e-01
1.441869728765314274e-01
-7.630657148158974667e-01
5.982486789562244667e-01
6.508176032625809793e-01
-2.391953948595336721e-01
-3.435520360970933940e-02
3.828902004398346270e-01
1.643400908018884943e-01
-6.828904181451919686e-02
-1.977000650847004770e-01
-2.330511932619989401e-01
9.352935594402282948e-01
-5.177135177603418015e-01
2.761502816270169913e-01
4.992209798965354661e-01
2.576793564221962485e-01
9.452796331214380343e-02
-1.667720581645163180e-01
4.349285316856314476e-01
-2.882443485552914630e-01
2.806840754452483155e-01
5.678758360762921065e-01
4.674208031153412879e-01
-4.271380387528933564e-01
7.015149032292834486e-01
-3.951065411005733052e-04
-4.977902935935135664e-01
7.441158054265327726e-01
7.109174697541654764e-01
1.000000000000000000e+00
-4.876381573738258757e-01
6.535172656162635541e-01
8.176360104543365370e-01
7.313578001786888994e-01
-1.643968089359844897e-01
4.707375602248047297e-01
-1.841674742729315084e-01
7.934915038407248655e-01
5.656203573485911740e-01
-7.019949991066429806e-01
7.762231531959745690e-01
1.000000000000000000e+00
-8.798533640118127996e-01
4.171298110463066422e-01
2.877098503965477283e-01
-8.423658672645757406e-01
3.538408273809900972e-01
4.151852228474407491e-01
-8.133285420075839767e-01
4.329862454250549830e-01
-8.174090379445132504e-01
-2.786987679142070018e-01
-6.894137714071405520e-01
-3.827950751628398929e-01
-8.428983428621198426e-01
3.665056747986741303e-01
2.780786708832668763e-01
9.911686898787170907e-01
7.903959889223920454e-01
-6.300217396969038930e-01
-1.000000000000000000e+00
6.187092843468620096e-01
-6.283637726270807633e-01
-7.456408262969130840e-01
8.474014393059065009e-02
6.537862521005536331e-01
1.972488804074787050e-01
-1.000000000000000000e+00
4.412316100975843813e-01
-7.037024229613136894e-02
9.491123498960087890e-01
-7.645922908183984124e-01
7.007708987646209531e-01
1.000000000000000000e+00
-3.255867429022379356e-01
6.629240575435741967e-01
7.628709567192351049e-01
4.333001804568473170e-01
6.666496427390545820e-01
1.000000000000000000e+00
8.469673252095691884e-01
7.276199816125018538e-01
-5.929597097430554520e-01
1.000000000000000000e+00
8.869533189991415378e-01
3.602584626791011102e-01
-2.778615249009387944e-01
1.672275348285280350e-01
-4.707801501133737077e-01
1.000000000000000000e+00
4.084354270278912069e-01
-4.903600288070651403e-01
7.116420069273903248e-01
7.660930256152306272e-01
-1.000000000000000000e+00
-1.000000000000000000e+00
-8.935192133376873569e-01
-9.677721867754786669e-03
6.435782504342443255e-01
