-5.786188294752878658e-01
5.578805477570898397e-01
4.112611169678140333e-02
6.472718330496643468e-02
3.618129188409938135e-01
-5.936999118284299604e-01
-5.103551908065711018e-01
8.519884827243412451e-02
-5.481677509672501225e-01
7.206650194190304948e-01
3.555388130652080148e-01
4.750442971531769198e-01
-1.000000000000000000e+00
-7.478253558715204363e-01
4.479429039500457677e-01
5.547097719466836940e-01
8.501202902346700618e-01
-5.535618407975944066e-01
9.796447234617912114e-01
-1.927795536140701760e-01
1.000000000000000000e+00
2.359841111539291991e-01
5.038128190386694794e-01
-1.000000000000000000e+00
-8.851599520798230092e-01
4.121687183380633446e-01
1.283427851679016518e-01
-3.098880279669402049e-01
5.603974083838068054e-01
-6.432680811204780635e-01
4.892546020179824318e-01
-1.240722956577507696e-01
6.779666798979139264e-01
3.290875730700061896e-01
-4.837749649344654790e-01
2.291310226746685053e-01
-5.101713929868384456e-01
6.715843283860325474e-01
2.060476873507019191e-01
2.426815532690074217e-02
-4.562691115857663293e-01
-1.000000000000000000e+00
9.720379015695699287e-01
1.087614380836699063e-01
-1.705081018325764128e-02
-7.123935420073800318e-01
1.038037013173815915e-01
-5.883000695338562736e-01
8.453392061327494877e-01
4.764252359743736953e-02
-5.281229656104415859e-01
-8.416094444334558666e-01
-4.653310304257611274e-01
2.004893598947166122e-02
-6.632878869516199982e-01
1.000000000000000000e+00
-1.557623919203388052e-01
-1.000000000000000000e+00
-1.773450915857800458e-01
-5.547273540791808344e-01
2.149911859214567733e-01
-4.067017935106423954e-01
1.851497965153147407e-01
-1.555587051146818944e-01
-8.646326575009813942e-01
-8.356970634131891673e-01
-1.000000000000000000e+00
-4.213238236601315467e-01
-7.599883052367036873e-01
-2.321595222853177209e-01
-7.481977463841926745e-01
3.099493709955297160e-01
1.743753874457446562e-01
1.932548408894099179e-01
1.000000000000000000e+00
8.042628013012754762e-01
-2.857190925763756773e-01
-2.102804173118576481e-01
2.745661033164690235e-01
4.049366973837591477e-01
1.000000000000000000e+00
-9.178243382988027221e-02
6.626614906811804095e-01
-3.290804832061388074e-01
-3.499373807078930421e-01
7.170076308147168564e-01
-1.000000000000000000e+00
-3.542913131205003285e-01
3.246800982243626676e-01
3.563905597913661905e-01
3.695712810857598174e-01
3.119124898725947337e-01
7.042993829472750100e-01
4.738894544142639442e-01
6.722891699256719478e-02
-4.226980995221586435e-01
8.061527857483616888e-01
-5.007545474783145489e-02
3.623118740451685138e-01
3.616903869998892573e-01
-5.197959434878687279e-01
3.935347097707105890e-01
-3.728305006983645420e-01
5.178436419932130885e-01
-8.114071999062357765e-01
-7.391889666741362497e-01
-9.080749020946206063e-01
6.838635701584591109e-01
-6.834412770920178515e-01
-3.795922531303075331e-01
4.425353599344982181e-01
7.845320432917148867e-01
-3.465330800320385318e-01
6.575638042852149923e-01
6.492466383985870948e-01
-5.581384892276293197e-01
8.123994854773064489e-01
7.819344069794667007e-01
-9.037439729238458397e-02
1.513743023766502827e-01
8.139019566253959947e-01
7.985409704463113378e-01
-5.309241417444906519e-01
-1.609534739504332457e-01
-1.153919257684136168e-01
7.118123985853936908e-01
-3.512533990550935070e-01
1.945498591581472092e-01
4.115802143508938138e-01
9.228548954411247562e-02
1.027124686755638977e-01
-3.903340140152661286e-02
9.402118377211349243e-01
6.257498152508089717e-01
3.862746288542038831e-01
4.706923663713237227e-01
-9.954736137915376482e-01
4.499963812302714694e-01
8.715863018493588132e-01
-2.552177593328120997e-01
1.546881035758756462e-01
-4.415518308979568540e-01
3.993713962058418332e-01
5.564957846892147897e-01
3.854022419854171710e-01
-2.653756832428801338e-01
-2.092190884942151663e-01
3.687428712825284727e-01
-3.760245034620766091e-01
5.210335646420879985e-02
1.704622698169920847e-01
-1.557775625468058589e-01
-1.835936573040684305e-01
1.464784782935273783e-02
-7.606718778321540642e-01
8.291988707762225630e-01
-5.442044149148501653e-01
-6.138762798027289636e-01
-4.398929952358655582e-01
5.350555808055916795e-01
-1.165920656940534345e-01
-4.359574679185464485e-01
8.247365378152602400e-01
8.734418949670053056e-01
8.126556305586267737e-01
-1.578107676484763189e-01
-9.196579514730205407e-01
-8.293430843651949935e-01
-5.249386654287214737e-01
-6.461263413868840733e-01
-5.394197252277601606e-01
6.755004067809373680e-01
-1.682363326658214975e-01
8.421787379232241744e-01
-1.106647218822207623e-01
6.200748887815721311e-01
-7.041466836080805258e-01
5.722274183436889539e-01
-1.000000000000000000e+00
7.569344759779419451e-01
8.125660168503821001e-01
-2.572203413890246093e-01
6.879239038811924001e-01
-7.610667510488290377e-01
-2.531522630629372550e-01
2.224786426131847294e-02
-9.375145939445671539e-01
-8.744478675641726984e-01
1.829777958586215336e-01
-9.201016848016075889e-01
6.459808932495929579e-01
-7.949248630127740967e-01
5.522415651947594206e-01
-1.000000000000000000e+00
-2.923603889666704925e-01
-3.035854668630013631e-01
-8.160016614535036128e-01
2.254719039781536150e-01
-1.164758985730527385e-01
7.244471832847957371e-01
-3.227885210044441067e-01
2.812561371048826198e-01
7.654570563071333433e-01
1.062687890003972818e-01
-8.623204870474284744e-01
-6.319880331095495407e-01
-2.892301861835084864e-01
-1.512773563812579436e-01
2.927910016303713475e-02
-4.249996957421581234e-02
1.144783452341665286e-01
-3.463427904097320376e-01
-3.247042957183854939e-01
9.191205984514461136e-02
-1.000000000000000000e+00
-3.610256566637064513e-01
1.179595733440748917e-01
4.283080954765148274e-01
5.519769365131526051e-01
3.436206762125165737e-02
-5.252217326914510043e-01
7.422231416018763017e-01
-3.202921527488554743e-01
-5.300088354166218041e-01
7.008337789274751151e-01
-1.000000000000000000e+00
7.968862504191274176e-01
-5.526210613796547211e-01
5.448356626790186175e-01
-3.976496452108200241e-01
6.142080426910326851e-01
-4.069219467413619507e-01
-4.645725313746023599e-01
-5.502845679537596846e-01
5.285146041723358667e-01
7.479983326378156772e-01
-2.413676865649919123e-01
1.652965694260508933e-01
4.557991616472351071e-01
6.681665487041591467e-01
-4.480771999348850954e-02
-1.281906318871042783e-01
1.000000000000000000e+00
-4.637454342423531495e-01
-2.799657621518525930e-01
-7.665269866249890818e-01
4.623736404262783761e-01
-6.783814561941949872e-01
1.789941068926835799e-01
-5.183471962800326738e-01
8.560915660329644350e-01
-9.811154841675758798e-01
3.837047295132672842e-01
9.722521866379990607e-01
2.062690532054756720e-01
-1.389360774544668997e-01
2.752210119712579228e-01
8.182228881466530046e-01
-1.153301734141354701e-01
-1.585496955815649811e-01
-5.480965902812999779e-01
-7.374006779828694569e-01
-4.654319649398399594e-01
3.672653410479793656e-01
5.224605695922561743e-01
