7.184428164801592853e-01
9.117941502044326629e-01
-8.428166644455956646e-01
-8.748732584884240104e-01
2.600471865422049333e-02
-1.681013916500209149e-01
1.609120576578182416e-01
1.320555229047444268e-01
-1.702589584859941496e-01
-5.611156852039613785e-01
-6.286991787212030669e-01
6.947117156211741751e-01
5.862358802300511318e-01
7.305896526953497006e-01
-4.340791472376874793e-01
8.037226127449268454e-01
4.918795874812658120e-01
-3.338089592194681821e-02
7.817223922782392531e-01
2.334989890450562822e-01
-6.880379917938772572e-02
-9.627726039191115692e-01
9.441711946015516332e-01
-7.856567565896859229e-01
-1.336321514268321575e-01
-5.461317015841005151e-01
-5.821854824948584639e-01
-4.605236226398730093e-01
-5.578679129401693526e-01
-3.222851762754177507e-01
9.632204062777436349e-01
-3.170974823082257643e-01
-7.853205930775719601e-02
2.532403702804211232e-01
-8.000576351910735351e-01
4.662563443846552413e-01
4.384646307243258434e-01
-6.157506411323994122e-01
8.875661901661771047e-01
-4.668645664931319050e-01
-4.179108714020944859e-01
-7.848617432922011528e-01
3.399311356359291381e-01
3.490751727209560062e-01
-2.374617532693394928e-01
6.923596062931760553e-01
-6.272096081647682286e-01
1.161852931433724478e-01
-6.538645557769744432e-01
3.014867904123854636e-01
-8.956593639151300135e-01
5.527878114588360425e-01
4.084102031218486140e-01
1.491120877913767462e-01
3.544945196519144748e-01
2.324380595623150025e-01
3.969121509057627062e-01
5.417733918482467992e-01
2.686794403455190494e-01
-1.918688955964866771e-01
3.099721979465441812e-02
5.116270222881642571e-01
8.133557300328713158e-01
-8.571988642445176332e-01
6.232115427041775568e-01
-7.255422763462233693e-01
9.139246198068962102e-01
-4.494287055146397591e-01
9.580690722593043773e-03
1.617259217701594309e-02
-7.681451908971421716e-01
-5.110044843814089965e-01
2.355678515667547490e-01
-2.051288231089938296e-01
-3.276929838415318930e-01
-9.554608762398131283e-02
7.585808491757850547e-02
9.131043097019306831e-01
-2.702435459314322941e-02
2.590030126377289577e-01
2.471095809808085964e-01
9.174357977594611580e-01
-9.142228002875725235e-01
5.078395684867609283e-01
-8.245561938156862336e-01
9.621534232203134973e-01
-9.456847879938796719e-01
-3.074015271964691820e-02
4.449374027871333404e-01
-5.618141946382297913e-01
9.026291467150031611e-01
7.197526132766891571e-01
-7.439067485951411651e-01
7.939810638350177641e-01
4.823876903891546331e-01
-5.283263452925022197e-01
-7.793659946013637985e-01
7.407871892023201177e-01
-9.931667988697958638e-01
4.244372918491683411e-01
-1.962871956376130989e-01
-4.102381652966617942e-01
-4.206539430742193275e-01
5.587473476037492226e-01
-3.984750091916238190e-01
-8.331413429442628971e-01
5.273350944824886088e-01
5.959491548123718729e-02
-4.720660989944567287e-01
4.943055847997537278e-01
5.671513570754098676e-01
-7.486744630487585095e-01
-1.211043637190836186e-01
4.966215753428226964e-01
4.061467351136942572e-01
-3.717826715489229716e-01
8.617801875488260155e-01
-4.558020616618922993e-01
9.751105301229401334e-01
5.498959546271249277e-01
-7.511701880637677853e-01
8.294341541958167863e-01
-9.023479235271130161e-01
-9.314786136788322235e-01
5.278468070856232597e-01
-4.578498476636860826e-01
4.334152588682775864e-01
6.807220105548621447e-01
-3.217280362915522218e-01
8.619883111640294082e-01
-2.732177295764635083e-01
6.328675069990157276e-01
-2.114211745554579469e-01
-8.376103741227980404e-01
9.285835316129977812e-01
-8.328370805428044754e-01
3.400868130958456526e-02
-5.267602380130145256e-01
7.545661496134146162e-01
4.904192351287051110e-01
-5.514775438173247224e-02
9.625231183071840668e-01
5.605064606825809204e-01
-2.771473334738001615e-01
-9.374527959741498773e-01
5.238729220391806773e-01
-5.972775488425234869e-01
-5.252813016561956871e-01
-1.563714099347430775e-01
-2.521043552835506851e-01
1.235860861745048389e-01
-7.376063410045108348e-01
-1.616223500671780666e-01
-5.765948295435530113e-03
3.756661704135710877e-01
3.171187904419101589e-01
7.595096197559785267e-01
-2.541053523991427809e-01
-8.485375087187649878e-01
-8.363228326865057571e-01
-1.526716532821679184e-01
1.366584374099510946e-01
-6.130859684054998926e-01
-6.810889686092167494e-01
-3.439059231121257554e-01
-5.012127783994260177e-01
2.462085275120706740e-03
9.619844481158512650e-02
2.123678928443302194e-01
-1.785967623570683394e-02
-8.161447875577787503e-01
5.424962961536567985e-01
5.675206793880607226e-01
-3.975062862888112392e-01
7.309744383884311247e-01
4.638125008037596864e-01
-6.764070262098953457e-02
9.792424850981082951e-01
-3.985468036548860393e-01
-6.027635021838975149e-01
-4.154133420300982760e-01
7.752717068688823598e-01
-1.271235624767952377e-01
4.830449633765701023e-01
1.796248414259664639e-01
2.377434849358328606e-02
8.466895976125088374e-01
4.026577236435302520e-01
-5.602262595449269966e-03
-8.124128765852864920e-01
3.971108320280358761e-01
6.088830972893282123e-01
1.777918705799861332e-01
-2.617336402478829260e-01
-8.511380116807236718e-01
3.074380012031672216e-01
8.835509563806074329e-01
-9.172170897111602272e-01
-9.575203337097972778e-01
-1.215798603263100741e-01
5.835895852709427345e-01
-1.479133463602404497e-01
6.677877747511506978e-01
5.159401525016120704e-01
-2.390268584365708993e-01
7.967638096600719866e-01
-6.392209899787644201e-01
-5.992229464847129705e-01
-8.895705462056582302e-01
4.285524956437185562e-01
-2.043009574405623141e-01
-4.671820377353519405e-02
4.978231085233231212e-02
4.306703680057899497e-01
6.754416327481158611e-01
3.868068158687709701e-01
7.329840268807918946e-01
-7.266968189380480503e-01
8.130148456370851484e-01
-5.247066140070599793e-01
-4.237230088690213670e-01
9.495090562788002231e-01
1.097869765094567907e-01
4.286520283700958611e-01
7.678576888886015084e-01
6.753471768983354551e-02
-8.946621665503058374e-01
-6.036015473740432569e-01
-1.580023286807730187e-02
5.225601749019541664e-01
-9.939194202605410311e-01
3.727855648917899334e-01
7.808011661077491894e-01
2.216184899626516547e-02
-5.062760661816838592e-01
-6.697280400942247081e-01
4.572931788973555456e-02
3.966590690119820017e-01
5.307856897307261512e-02
-3.326113765496199193e-01
7.815215250511069467e-01
-8.401912938811075815e-01
6.653931656124250082e-01
1.836353013894178599e-01
-1.624830638241856473e-01
-7.934462169537737086e-01
-9.032398446841305439e-01
2.124503289410042406e-01
8.793627350291455258e-01
-3.990197869452121182e-01
6.845380326131702553e-01
4.938659126200328764e-02
-8.563862043246084355e-01
-9.167821960334143760e-02
3.873057447208065884e-01
3.965656786238751508e-01
7.681112658072597466e-01
5.418072813573682200e-01
-8.768023560414850426e-01
-8.824842931772034493e-01
-9.872646409521885769e-01
-1.653056700036987792e-01
-7.796309983587779158e-01
4.144569732789382677e-01
-5.623384535759650138e-01
