4.150902202235018379e-02
3.101932575451198382e-01
8.891464022901121034e-01
2.246320655040778824e-01
-6.020407394666300593e-01
-9.283690850187662491e-01
-5.327638930657652150e-01
-7.717676528195724917e-01
3.495473070346450939e-01
-5.061946295560468823e-01
6.550288342251595619e-01
-5.728686923635983863e-01
1.776297669808730717e-01
-5.837733598682552927e-01
-7.835662511533492136e-02
5.718376615462186230e-01
-8.080353403373548016e-01
-4.262036039167973467e-01
8.454343719346566477e-01
-9.407540544211212552e-01
7.697114902227664146e-02
-2.960467590540116767e-01
1.119333325591171935e-01
-5.414728359136673497e-01
-2.594694309457685755e-01
3.562045869657255448e-01
-6.790066333954440925e-01
-9.887119588642465651e-01
-2.086997818661240345e-02
3.380145365961075843e-01
-4.811388478594755824e-01
2.597080587767455206e-01
1.005645347792758493e-01
4.264047276806472997e-01
2.184642034809092248e-01
2.906495731811453709e-01
5.561267489353096671e-01
3.956547400689196525e-01
8.945733594696370083e-02
6.947013407083328929e-01
3.465369912681777187e-01
-5.958774174947345514e-01
-9.076408740345254245e-02
5.531299609408191209e-02
9.982621457463196624e-01
2.450016412107633990e-01
7.412891286022853521e-01
-7.385004903173149060e-01
6.033170300214243387e-01
-7.320238124898046372e-01
-1.617884535099456400e-02
-8.408978626525542843e-01
2.198819818765525014e-01
6.936245870230210997e-01
6.367588364003513579e-01
8.470040619653071978e-01
3.043355502335958196e-01
-1.391163326278039847e-01
4.348980405968827512e-01
-1.379811594847293321e-01
4.012262323408126719e-01
-7.672874687188515619e-01
3.539834910723684835e-01
-7.632376533085787340e-01
-7.447025425195457071e-01
-1.394184401259379591e-02
3.236779958147684155e-01
-3.035883687303715384e-01
5.194216298283764743e-01
2.082609756449640415e-01
-2.247996481579843664e-01
-4.888190182494671632e-01
-5.784683761720745832e-01
1.076348745891786418e-01
-4.553595010889355255e-01
-2.862680642304504808e-02
4.339168204763281800e-01
8.488605985834876133e-01
-3.805302290036287616e-01
2.544504851261020217e-01
-3.744336575588285143e-01
1.625536695065776804e-01
-7.157195123326962616e-01
-7.984603436212305283e-01
4.411759228747658135e-02
6.154858025564662327e-01
9.103485122490928561e-03
8.911598144557937307e-01
5.528931830614398635e-01
9.337538078755662774e-01
5.923906910730598607e-01
-2.479157556915303484e-01
1.794135641275074189e-01
-5.404808541717307513e-01
-6.036851955582218654e-01
-9.805752975002761662e-01
-6.332807684755636934e-02
-7.964414629340703655e-01
7.185406705137948880e-01
3.065719766347487774e-01
-9.123030845725645932e-01
6.843970831938659405e-01
-9.722690302993979294e-01
3.121080501978878985e-01
9.909861509254678236e-01
2.508555555554254912e-01
-8.678707028280030489e-01
-8.826461956336362213e-02
-2.581227225617674925e-01
-1.301486239357734220e-01
-9.697808323871879299e-01
8.726310536252011030e-01
-7.001621408528519996e-01
4.105642249545313760e-01
5.775811172027716101e-01
-1.790392192822720663e-01
-1.182790067747949703e-01
-2.144614210735151794e-01
6.897243205952974243e-02
9.924566241307699599e-01
-1.827001953221831787e-01
-5.925836471047405407e-01
7.889675999913448035e-01
4.010454110030183816e-01
-2.958889780205913311e-01
4.975122669967984024e-01
5.841402762534519955e-01
1.656134081882143505e-04
7.608259349633315072e-01
4.542002616158837824e-01
1.143672500723669216e-03
-5.021892917543859802e-01
-5.045374271781339903e-01
-7.455000124938200301e-01
5.574279003491751094e-01
1.616630974207213800e-01
9.656906292877793785e-01
5.158544669850859687e-01
7.432232003637637696e-01
1.800783572971007551e-01
5.293685460933206244e-01
7.277811983658681871e-01
-4.750783261731992280e-01
1.424416975891453774e-01
-8.849285816472840516e-02
1.189289107922859579e-01
-1.786273357555847596e-01
-7.080687586774372377e-01
2.013218687408162566e-01
-8.052187177550695907e-01
9.181079796522961800e-02
-2.129525005900450019e-01
-4.419073873541849995e-01
-2.699730925995478259e-01
9.519456358838807031e-01
-4.559626989751615067e-01
-6.564853391808851413e-01
3.214289046842484510e-01
8.971287774055169972e-01
-1.442431325558106714e-01
-6.691220100063706155e-01
3.154073663881356016e-01
5.802919238796715451e-01
-2.299745258543648418e-01
2.615585709121148739e-02
7.258522768749353649e-01
-8.625376347424529300e-02
-2.278219998219546127e-01
-3.929905785815870356e-01
-5.588385506620865417e-01
-1.006380874987664598e-01
-8.282286471902726710e-01
-6.732902335103316815e-01
-3.229427873238193136e-01
-6.178763720848978735e-01
9.923079538210739514e-01
6.305644208083078794e-01
7.797885626888656496e-02
-5.994160712443243888e-01
2.620271156624871534e-01
-3.165642980794336481e-02
7.628155111826968593e-01
3.666102640609190111e-01
-1.394313903518062947e-01
-9.250840485877733776e-01
5.735106312593831746e-01
-2.816595182075096737e-01
4.136360621220824818e-02
8.369096980222463511e-01
8.039681839732850666e-01
8.762402835156410941e-01
-1.144799575094452848e-01
1.979957380266494926e-01
3.195276395011203974e-01
6.033524905074607592e-01
1.235520331418258344e-01
-7.730756925799366908e-01
-1.589743009280555341e-01
4.970305187896864041e-01
-2.719176638512623700e-01
2.714183533758858236e-01
-2.218392375091888802e-01
8.696864117877778355e-01
6.169907655530681989e-01
-9.613593002659091002e-01
2.688269615802549861e-01
3.145256829825553435e-01
2.284651233217580568e-01
-4.186962044615061274e-01
6.782920768660662958e-01
-2.765197018150020725e-01
-8.363468366181088243e-01
9.473778395725982460e-01
-3.293131817674455064e-01
9.364723774075034424e-01
-3.226215877837645962e-02
-2.986121592423718329e-01
-2.870345815037671500e-01
5.102223206731104632e-02
-9.812539694326094519e-01
-1.288665406406586111e-01
-3.560351268968198202e-01
-3.200085937512020529e-02
4.530826573581598904e-01
4.226534526676335446e-01
-2.995649068885826161e-01
4.665031691574963446e-01
-3.808629532229124148e-01
-5.130411059925612527e-01
5.082759639482703484e-01
-8.548225684988297601e-01
4.470811305512383260e-01
4.512796783275327961e-01
7.843849976907892874e-01
-5.958560092062277214e-01
-3.174037825735296359e-01
-1.728041566359372894e-01
9.073738114014020528e-01
3.591462867054049379e-01
6.315357185754941760e-01
-2.999760002296669725e-02
-4.289685266853409118e-01
-9.686915359111243351e-01
4.289967468638671289e-01
-4.894825229788997145e-01
-7.817552467829687046e-01
-8.309326468252493658e-01
7.329579912548833676e-01
8.598611322907157017e-02
4.554604075238199989e-02
7.103604165347794375e-01
-9.114137862580715677e-01
4.599594608486918812e-01
4.785122573999662787e-01
-9.215103543898297556e-01
7.261757136829805059e-01
-2.649026168301011896e-01
8.837665605242173150e-01
-1.131602662018433847e-01
6.605524091081667049e-01
-3.638410433464875915e-01
5.707241300476995072e-01
1.247373131345879127e-01
1.006782064712685720e-01
-8.722258758775769394e-02
