7.802497519395739101e-01
9.523335882432821808e-01
-1.783587674474532703e-01
-6.036639574556300625e-01
8.664025010091420675e-01
-9.321029664749470589e-01
-6.680493163041164584e-01
1.057644873970257915e-02
4.912137797424747654e-01
-8.776506468569439390e-02
-6.970569938032227242e-01
-1.846207094711241892e-01
-9.356149681895097048e-02
-1.000000000000000000e+00
-1.000000000000000000e+00
1.565509979792841233e-01
5.749220132111626524e-01
8.124360907278942445e-01
-1.662726830786548649e-01
-3.413368603477106022e-01
1.000000000000000000e+00
1.932987578444239352e-01
-8.975734964734485288e-01
4.080649578137471312e-01
7.881739312083555493e-01
1.000000000000000000e+00
2.516135321890952126e-01
3.382104264578063568e-01
1.000000000000000000e+00
7.082552614575912120e-01
-8.660593309048287836e-01
4.957079426514106046e-01
2.302265543513131729e-01
-2.049833433260002669e-01
-7.017587564221794416e-02
2.010201927256279053e-01
3.537079894635996036e-01
-1.000000000000000000e+00
-7.743608174435911984e-01
-5.662679359973530335e-01
1.000000000000000000e+00
4.894274310529835303e-01
-1.408149608152069465e-01
-7.153369314027140380e-01
5.726538807357344218e-01
2.968948317777769796e-01
-1.000000000000000000e+00
2.968986050603690807e-01
-1.515177583743475553e-01
9.880966343213569703e-01
9.132712038214891859e-01
5.282156512779713209e-01
5.147223883439202563e-01
-5.675413375196285415e-01
-8.972464624834833868e-01
-9.697541732842731577e-01
-5.958597768625543134e-01
-1.841099361295732983e-01
-1.000000000000000000e+00
-3.262463330054790056e-01
-3.622428969681691369e-01
-3.092967325061535266e-01
-6.571131022028739999e-01
9.640323009985685143e-01
4.515992785145417354e-01
1.000000000000000000e+00
-3.285486062508635174e-01
2.339432268524416769e-01
-9.027483341600145428e-02
4.728454118722793531e-01
5.180306405035133288e-01
5.354969571075242074e-01
-1.489040597626124091e-02
-1.000000000000000000e+00
1.885070726179599587e-01
-1.000000000000000000e+00
-3.115719635049337688e-01
1.000000000000000000e+00
-2.186416322735793005e-01
-8.547153322294980260e-01
6.981916296438883673e-01
8.992242414219567825e-01
-1.720642244666403808e-01
3.972282619083216670e-01
-7.812691864728109614e-01
-5.171392252127998690e-02
-4.158804953693599482e-01
-1.000000000000000000e+00
-8.765508511119617374e-01
3.762475694850663244e-01
-8.616154692226669631e-01
6.029641800410120989e-02
-5.726017613284657415e-01
-7.540540136489990442e-01
-8.333629343177482163e-01
1.000000000000000000e+00
5.628142806770777273e-01
-1.000000000000000000e+00
-5.539734758334028397e-01
-1.908381572220713696e-01
4.061558347571012084e-02
5.329078320329532215e-01
3.075091575487490791e-01
1.000000000000000000e+00
8.416132904760857958e-01
-1.403847353671704989e-01
-1.076952595070886920e-01
6.593885596581194886e-02
-1.000000000000000000e+00
1.000000000000000000e+00
-1.975362294217602732e-01
-3.916572809381185793e-01
-4.255911271834817988e-01
-8.163747277335155206e-02
2.424549779762813495e-01
2.749585630353001270e-03
9.259461073268639986e-01
3.827016711251066683e-01
7.916842970208392005e-01
1.000000000000000000e+00
-2.954470127573690652e-01
9.607414866867733383e-02
4.037250251039904425e-01
-3.448783648378229705e-01
-8.547003045614305350e-01
-1.581946910016339969e-01
-4.680659126742805487e-01
-1.000000000000000000e+00
-4.323031051987554219e-01
-3.383618965829738867e-01
-9.544629419138012105e-01
-2.614602456416519338e-01
5.156604943313374267e-01
9.337969207481355838e-01
3.132089732146937644e-01
-1.954554342421586099e-01
7.676239282005019593e-01
-2.237031191155470500e-01
-2.919619811295670608e-02
-8.448044617580841020e-01
-1.561463987781598617e-03
-1.000000000000000000e+00
3.461538590272963400e-01
7.125933879963733952e-01
5.465028588219781325e-01
-1.691046724715853378e-01
-7.819771138434383762e-01
-5.130096781420561136e-01
4.162015754409122970e-01
7.801723036672897349e-01
1.988145513574710033e-02
-1.113943945190093432e-02
-2.670557619363735369e-01
1.103068395887360220e-01
1.000000000000000000e+00
4.382755330038922148e-01
-7.652065289963909667e-01
-6.539979057842307819e-01
-4.092015488458325412e-01
-3.495451843667132241e-01
-4.650979486838532351e-01
-6.463875046244842437e-01
-5.642419266941142153e-01
-2.260088629893716450e-01
9.520382670799574232e-01
2.701881257859803931e-01
5.691773687253531833e-01
5.090416562410804424e-01
-1.020098361608669790e-01
-4.208237239161189969e-01
1.154378454294063827e-02
8.058526094804776552e-01
-2.064058507978999701e-02
7.883629713122014548e-01
4.529134189832106916e-01
-6.809679266730289671e-01
-8.856050663669392531e-01
-2.880064730610659152e-01
6.780934166033603105e-01
6.788710441145461294e-01
2.262468754443232866e-01
8.879673896723738746e-01
-2.225039789074161056e-01
1.589037624608989896e-01
8.793978849608606874e-01
6.859287933596092124e-01
2.461451400945125767e-01
8.331178311614477472e-02
2.563605955426682126e-01
9.684325174882634224e-01
-5.760198871726682907e-02
2.022160470909339092e-01
-4.935255927993023595e-01
-8.475916345255781748e-01
1.000000000000000000e+00
3.685061449849059145e-01
3.999015216491410563e-01
6.540787216651218205e-01
8.416666827716015042e-01
8.812138910024357175e-02
-8.325363539473173979e-01
-2.563888678479405714e-01
6.611229751560416812e-01
-7.975310328088969225e-02
-3.317149437474482543e-01
9.019903241801983940e-02
8.926543735848103678e-01
6.330222997382619621e-01
6.198585790040841426e-01
3.566195730415332443e-01
-3.686162474372862707e-01
2.406624388645227375e-01
1.000000000000000000e+00
5.037232512015776820e-01
-3.767324727695219311e-01
2.628272650679179812e-01
5.743314281957062617e-02
7.376182109003484033e-01
1.000000000000000000e+00
6.403396264597622789e-01
-1.000000000000000000e+00
-4.980447254421450087e-01
-1.000000000000000000e+00
-1.717991601254424683e-01
2.331978125008566105e-01
9.643414826078747226e-02
-4.016083519718510741e-01
1.000000000000000000e+00
1.000000000000000000e+00
-2.538475311625010833e-01
-7.382175022623728156e-01
3.234795032593029696e-01
-4.394816626000952464e-02
7.266115603326416261e-01
2.635607434961126372e-01
1.000000000000000000e+00
-1.000000000000000000e+00
2.601953186759942138e-01
3.558369823789694908e-01
1.000000000000000000e+00
-8.780771112684762070e-01
-6.343846405434101499e-01
-3.798361908270677656e-01
7.502307555088723046e-01
-8.285466963313004030e-01
-8.993683972467019228e-01
-2.287759799086480084e-01
6.213002783269733209e-01
-9.184755274879710663e-02
-2.949658015970282321e-01
3.387849556711750032e-01
-4.349690397979179557e-01
1.451922809144583215e-01
-3.651325738088490036e-01
-6.742292544827682699e-01
-1.453529726396214118e-02
-1.241412803177957824e-01
1.099847629897267587e-01
-3.321389239471044252e-01
-2.836255275709164136e-01
-8.732830626166937504e-01
-5.652247323394860024e-01
1.651549907054016275e-01
3.989492832548073853e-01
-4.294230722258617905e-01
