1.943912968670632457e-01
-9.448202743739412268e-01
2.951116500936404319e-01
-1.000000000000000000e+00
-7.524236980914242867e-01
-3.877640491808476142e-01
1.000000000000000000e+00
-2.024130428926308178e-01
4.299672036586365542e-01
7.890597913773275129e-01
5.065383396462806997e-01
5.582401230318376761e-01
6.068781776356874103e-01
-4.536755214583140794e-01
-2.039028642742995445e-01
7.786215001752014864e-01
8.147716817850696458e-01
8.978688475149356751e-01
-4.014040211469752650e-01
-7.777947202807916627e-02
8.231011430259964623e-01
6.663675215915975114e-01
5.752020688471457532e-01
5.224032910001490393e-01
1.000000000000000000e+00
-6.834706410554434175e-01
4.435207850483430247e-01
-4.856576152356921749e-01
-8.045061823301230541e-01
2.819863098379614685e-01
7.490572127759088650e-01
9.030969513151910766e-01
4.808611711172472991e-01
-2.985509952979633064e-01
-4.810268552765128991e-02
7.796454469178702995e-01
-4.219463931873358442e-01
-2.829392901002367178e-02
-5.501818099491465608e-01
-8.367768368649718402e-01
5.774252916260245172e-01
-9.234049996308892894e-01
1.854675204147286371e-01
-8.696348216171745360e-01
1.957231024560203703e-01
9.840633486410075292e-01
8.995402481738326017e-01
7.014829750388802410e-01
6.605855161347661264e-01
-1.000000000000000000e+00
8.738704995548634002e-01
4.886773962225539059e-01
-1.337264909234769927e-01
-7.646908779310608306e-01
-6.048348480604165411e-01
-9.507800135170985101e-02
-8.086259018562388934e-02
-5.390823372895783283e-01
-9.677317032126815377e-01
1.965983926339437415e-01
-2.760308052584996563e-01
-6.039647137634301943e-01
-3.173565497987853590e-01
1.000000000000000000e+00
6.546646086357261751e-01
3.865045071383260700e-01
1.000000000000000000e+00
-4.879947666150667995e-01
6.302334993811661290e-01
9.542291549999347700e-01
3.293756838846864099e-01
-6.738900231017188602e-01
-9.822081936729040175e-01
-5.777906713633418345e-01
-4.786089462537629902e-01
-5.373724895871770935e-01
1.326439193227383906e-01
-1.000000000000000000e+00
-7.616330549957286422e-01
-8.330663387713834744e-01
-7.334507588991994176e-01
-9.590086389179237614e-01
1.000000000000000000e+00
1.279137744056862980e-02
9.188053454352840266e-02
9.298853210295980887e-01
8.850867541118205839e-01
7.677012218418464151e-01
-5.088536186614989187e-01
1.681566782901441903e-02
9.304602540521884624e-01
2.840440002218884152e-01
-2.955127205343804353e-01
3.890441088378955303e-01
6.729121692899735496e-01
1.000000000000000000e+00
-3.484296161965672600e-01
-9.061225741822187540e-02
-4.665375498758257966e-01
1.913100275918394322e-01
-5.865441119168546269e-01
1.719737622701604240e-01
-4.615055951464624440e-01
1.000000000000000000e+00
9.879591518488916035e-01
-8.111462967905910260e-01
-2.346743535017837001e-01
5.772914995210993716e-01
9.216961230742750644e-01
1.000000000000000000e+00
4.892932077857403694e-03
-7.490471693655953445e-01
-2.028871197682796668e-02
-4.500199276138106552e-01
5.835239710858948214e-01
4.306262315914869965e-01
2.773130723093683581e-01
3.261227900014616043e-01
-8.017465694907750517e-01
8.135946978455834699e-01
-6.785986044621228341e-01
5.877402703851060117e-01
5.138601017484156763e-02
6.508053724427231845e-01
7.787737667084341231e-01
5.643825166677522986e-01
5.699926655941529585e-01
-2.978468130604249309e-01
-2.758080424702812339e-01
8.161599870144988778e-01
7.698999151305689903e-01
-5.706403906683908955e-01
-4.324825126934030428e-01
-8.313021757478926410e-02
-1.000000000000000000e+00
-7.292226148257583418e-01
6.372384604686154308e-01
-4.732601354603946930e-01
1.767316905939170235e-01
6.991984523918215455e-01
4.866089968437210533e-01
2.122916037921097621e-01
-2.007468998433732665e-01
-6.173309867398244499e-01
8.135655912412151913e-01
7.707079059673987986e-01
3.286034617145822123e-01
8.839267091250116448e-02
-7.720419954928283701e-01
-7.605510591272853782e-01
-7.014993872445361711e-02
-8.756549880707085176e-01
1.000000000000000000e+00
-9.467517201302508845e-01
-6.357213686020513066e-01
8.505095804724654984e-01
7.708731024826390721e-01
-1.000000000000000000e+00
-4.237260595108599537e-01
-9.160657111858511170e-03
-8.444625308471699343e-01
8.560038955992401721e-01
1.482112352646386411e-01
5.853364613661453664e-01
-1.799242382742954893e-01
5.622941365082864129e-01
-4.991432730894491687e-01
1.741477095964272248e-01
1.153805729867447144e-01
6.475760232622461698e-01
-7.574191082192549551e-01
5.097851128724738556e-01
1.270264614083397858e-01
7.575261923209106185e-03
-1.000000000000000000e+00
-2.791973119390581681e-01
-1.653080055084916178e-01
-6.880332683528280757e-01
-7.914791880321473405e-01
1.654761108289108940e-01
9.364359428056274748e-01
6.100370474454638869e-02
-2.647539722419188779e-01
4.229603018749114596e-02
6.780267222507935232e-01
-1.000000000000000000e+00
2.469341452045952234e-01
8.198615655846750450e-01
-1.000000000000000000e+00
9.507065133160657044e-01
1.000000000000000000e+00
-3.249807707257598155e-01
-7.486721642675413513e-01
-5.989833167113434165e-01
5.897858959176233151e-01
5.629138573345436880e-01
4.207116708826940110e-01
-1.544014795526482131e-01
-3.831325680512462362e-02
1.000000000000000000e+00
9.172030759620510842e-01
-8.573208523664580527e-01
4.500071601322320758e-01
2.875913023696974324e-01
-2.193061182675803411e-01
-3.352484236060774281e-01
-3.902450980012963644e-01
4.079346679155411159e-01
-8.207260321101418343e-01
8.395496706248872787e-01
7.234531329676774369e-01
-7.512692305608055232e-01
5.071999681861993903e-01
-6.097408222227649333e-01
2.607708902164399545e-01
6.335817977388602529e-01
-1.000000000000000000e+00
8.446755653694446586e-01
-9.499699096101589246e-01
-5.109787301522125125e-01
-6.075123849180288360e-01
-4.686911752327908021e-01
-8.112117828130909203e-01
-1.350874316083253424e-01
1.000000000000000000e+00
1.407553648705346383e-01
7.070356832893379684e-01
6.218137325743280375e-01
9.858983370349052588e-01
8.990741102592841871e-01
-1.000000000000000000e+00
5.714102877474983022e-02
2.747871743418504042e-01
-6.641266433035688532e-01
1.000000000000000000e+00
-6.437179234843615205e-01
8.652000832053068358e-01
1.000000000000000000e+00
-1.713633681519614593e-01
-1.765721386561094342e-01
-8.341978234607586584e-01
4.162510069576797478e-01
5.065227472143088994e-01
1.000000000000000000e+00
-7.251185092018894718e-01
-8.027185030742703953e-01
-3.711727629658719829e-01
-1.000000000000000000e+00
-1.017825154204954341e-03
1.939258927695916013e-01
-8.287073963508085894e-01
-5.982119058195564665e-02
1.000000000000000000e+00
8.408464561010755567e-01
-1.000000000000000000e+00
-8.912245973062687954e-01
4.201563856349335713e-01
3.730785675728749418e-01
4.033706421605264270e-01
-6.366943973330068118e-01
-8.999293622716117991e-01
3.760343796379015946e-01
9.809693823370314592e-01
1.991213128255291398e-01
-5.885568830016102426e-01
