-6.139134742155142321e-01
-1.000000000000000000e+00
5.793928881865796632e-02
-9.407994579793065304e-01
1.000000000000000000e+00
9.562644453103202880e-02
-8.969777599017135505e-02
-1.000000000000000000e+00
-5.260253945312105550e-01
-5.600198275581146357e-01
-1.000000000000000000e+00
-6.616414836517868769e-01
-9.468757455774384768e-01
5.250785935305353203e-01
-2.561628932024085370e-01
-2.078873796080546454e-01
-2.004203148757730257e-01
7.851114920917359186e-01
-1.786676841551867179e-01
-1.353992291868650055e-01
-8.450138629689136760e-01
9.350111796067867020e-01
8.384285748566968621e-01
-8.749915414623253562e-02
9.113630621093165018e-01
-8.488574390654279878e-01
1.907603984462199476e-01
3.093866374523920881e-01
6.815165966812484211e-01
8.672639627221276348e-02
-1.000000000000000000e+00
4.118774345964714700e-01
3.450734774816666128e-02
1.000000000000000000e+00
-1.180790035225684487e-01
1.175912604904995468e-01
-1.000000000000000000e+00
-5.724282482870579614e-02
-9.139223694138205456e-01
-1.000000000000000000e+00
1.000000000000000000e+00
-1.443360731259071272e-01
3.575247992247563844e-01
-2.816594080264699790e-03
7.056626032996751174e-01
-2.099999877058747466e-01
-1.300786200243259083e-01
-8.096373274763103423e-01
7.505936983740922885e-01
-8.198605979094986118e-01
2.227251555797089833e-01
-4.658775234902855500e-01
1.000000000000000000e+00
-3.826361501797012066e-01
-2.279760315673155235e-01
4.604976813112186540e-01
2.180257818677439619e-01
-3.010280031086050023e-01
-1.000000000000000000e+00
1.605224032173774851e-01
8.145274030441280733e-01
-7.126952901977837707e-01
7.192112139814052507e-02
1.250177979566668984e-02
-3.047542050211208275e-01
1.000000000000000000e+00
-7.576880011827508143e-02
6.332183017561479055e-01
-1.475513116509498124e-01
1.687218699607456740e-01
1.000000000000000000e+00
-8.822862268039138867e-01
-1.402330450349727753e-01
3.641631910418153817e-01
-1.000000000000000000e+00
4.347421353807397471e-01
-6.256100444224201862e-01
-7.798319799975529376e-01
9.246969745767985582e-02
4.986054949739738285e-01
1.000000000000000000e+00
6.677461999244880264e-01
4.703593603403440904e-01
8.545539314074100945e-01
-7.848548231382466156e-01
-1.035697383879140565e-01
6.868566564284424025e-01
-2.161268385386701796e-01
-1.408704053006210044e-01
-4.978338434109020882e-01
-1.000000000000000000e+00
-9.998491121233893386e-01
-3.840968756354078417e-01
-4.485550273992973125e-01
-4.959353903350545711e-01
1.000000000000000000e+00
8.392666077302143868e-02
3.516531240886907606e-01
-3.275096394760319551e-01
-7.690609100504406381e-01
-4.029724914591563678e-01
1.000000000000000000e+00
-3.524226014354784331e-01
-5.446493201737697687e-01
1.000000000000000000e+00
4.614555609436997718e-01
-1.000000000000000000e+00
2.833189019360565220e-01
-7.107513883092202445e-01
1.000000000000000000e+00
-1.854003235075189215e-01
-9.503338611836413818e-01
6.115666174489391427e-01
2.804262866175886160e-01
1.000000000000000000e+00
5.147595340817338050e-01
2.221059517346438417e-01
2.897153962098780178e-01
5.061079985154017802e-01
-4.886508107139062584e-01
-5.573896089416079808e-02
5.313531670782992711e-01
-1.000000000000000000e+00
9.617144255826159949e-01
-1.000000000000000000e+00
4.904315986954870810e-01
-8.604912429292602694e-01
-5.856781353197694218e-01
-1.000000000000000000e+00
-9.608718352193665879e-01
-7.011739792585387487e-01
-2.488246045983722454e-01
-5.049842233456068863e-01
-7.288157674175373968e-01
-1.230062826245200969e-01
-7.530415467163589227e-01
7.292448355227475476e-01
2.844386471914081560e-01
-2.054185615826252254e-01
6.771410347016477704e-01
-1.000000000000000000e+00
-1.817021389990991220e-01
-4.847472994731304441e-01
1.824432323725127536e-01
1.000000000000000000e+00
6.937296759267775892e-01
5.264412249639141006e-01
1.562995523442262114e-02
-6.031652297680434316e-01
-9.021162659780153081e-01
8.256335825166062348e-01
3.596847662300263204e-01
-3.834869923424716331e-01
-4.394127207891312947e-01
5.050036119056499073e-01
6.933923605106903088e-01
1.000000000000000000e+00
3.658733208579308394e-01
1.000000000000000000e+00
-7.892978937032513187e-02
-3.774020216334075251e-01
1.000000000000000000e+00
9.731515481649010146e-01
1.000000000000000000e+00
4.799535826905253488e-01
-1.615770887234958542e-01
5.087027921199892555e-01
3.478845637719072403e-01
7.348488887817432591e-01
-1.000000000000000000e+00
2.607624858816263158e-01
-8.339686190353479134e-02
-2.886270612413832648e-01
2.793216096755630207e-01
2.628659034521622084e-01
6.067022434996349745e-03
3.836989703584530176e-01
2.842820358065177855e-01
2.475447788525775294e-01
6.314092301734655077e-01
8.956615180670612908e-01
6.378687931111639564e-01
-8.580722177793714822e-01
3.332068385262408339e-01
1.090147898897672329e-01
-8.543408352962128527e-01
-6.913448611279207623e-02
-6.292095450785276101e-02
3.762810263136122102e-01
6.333512301530010991e-01
-4.459840990098665747e-01
4.487085266372390913e-01
-6.327103561947047261e-01
8.618376684102523333e-01
8.773605855458695979e-01
-4.660413261015030617e-01
1.004206323887460450e-01
5.739564794383086310e-01
8.010499427099648795e-01
-5.031605877928357895e-01
8.965166425336071887e-01
-1.000000000000000000e+00
-1.553219064297897134e-01
8.771407019762494928e-01
1.000000000000000000e+00
-9.696850700553659719e-01
-1.382046322195723265e-01
-1.000000000000000000e+00
3.978850643886866489e-01
-9.445237182574115486e-01
5.508977678990865101e-01
3.077764130246423702e-01
6.329932370975004385e-01
1.000000000000000000e+00
9.795104434290857753e-01
1.868950888922157327e-01
9.523188094199931397e-01
5.025708978981231478e-01
1.000000000000000000e+00
5.042323713527372409e-01
4.381000033092212198e-01
9.051364772151558880e-01
2.189203255942214765e-01
5.572067186059244115e-01
7.109423339057570068e-01
6.277007227313168014e-02
-1.000000000000000000e+00
1.959519797176199896e-01
7.391078471187262355e-01
-5.008026248806034531e-01
-9.252317895803685577e-02
-2.270089220332867710e-02
1.000000000000000000e+00
7.240915034394542760e-01
-7.075397730951893394e-01
-6.100484644641099852e-01
8.759817559480315152e-02
1.000000000000000000e+00
-5.487391727386967677e-01
-4.411928814773079521e-01
-1.893559822169450513e-01
-7.006004262363771939e-01
-4.893843080475830942e-01
8.316561155412289796e-01
-2.175291644330851759e-01
-6.493222378361083180e-01
-7.185433002259907775e-01
-1.337236235283538188e-01
-1.982342160556377353e-02
-2.581448745687024426e-01
7.697848669241931230e-01
1.000000000000000000e+00
8.159514782527879095e-01
8.951338999915651184e-01
-4.706003085804896235e-01
-1.000000000000000000e+00
-6.479804788211679378e-01
1.000000000000000000e+00
-2.724142197108234131e-01
2.980795500256094854e-02
-9.515619253560798629e-01
-9.158294765791168413e-01
1.000000000000000000e+00
9.163828824144973351e-02
-1.425448600317734404e-01
