2.863719235225384296e-01
-1.716100238957392055e-01
7.013332879836621236e-01
-3.604827813842959583e-01
-4.578575853733682921e-01
5.023739277105144785e-01
-1.000000000000000000e+00
2.641590616311589867e-01
5.017555779185720599e-01
2.362598235758222587e-01
4.008218932791598466e-01
-4.809525870797483615e-01
1.876531449439414190e-01
1.065911175945222222e-02
-3.780588899671329384e-01
5.461728576672399138e-02
6.054889024765319760e-01
4.570591148224173450e-01
-5.142149447875657975e-01
-5.081216910274019005e-01
6.174498207888929890e-01
-6.512673201303065262e-01
4.312916673722182459e-01
4.184939308059858476e-01
-5.735473953449735096e-02
5.936664268767645192e-01
-6.321246875595920578e-01
3.033488453624580972e-01
1.711927289326920509e-01
-8.622268572721278890e-01
1.103503818439467155e-01
1.280360223111721152e-01
7.478726718200917611e-01
-4.709712388276348083e-01
-2.660372660229701758e-01
1.000000000000000000e+00
-9.608700772357556819e-01
4.302381052649605353e-01
-4.124738820889153335e-01
-1.095882921106411390e-02
-8.023979346218338415e-01
3.940892019188735329e-01
6.691557936841560084e-01
-9.714268502255030135e-01
1.304640474249523785e-01
3.055098619624543876e-01
3.971602841486406854e-01
-3.255250615406420911e-01
4.052432842311918804e-01
-2.929535194338005466e-01
1.000000000000000000e+00
-3.849244829096745701e-01
-4.806224214908966785e-01
5.470453379316556619e-01
-6.377571477363225272e-02
-3.546360415091117657e-01
-3.347859769091239834e-01
7.899658746601938564e-01
3.590618484294095802e-01
8.365770138141095380e-01
4.078631907577564553e-01
1.000000000000000000e+00
-6.391797965296934780e-01
-3.023898990609615312e-01
9.066822527346658500e-01
4.675110765333008456e-02
-7.737142332230434461e-02
4.630863083776963207e-01
3.145097870719325561e-01
7.732199298602671078e-01
9.773691744364759737e-01
2.379097242546539537e-01
7.009139648821246515e-01
6.154057516401878480e-01
-3.306828391698555247e-01
-8.598049090697094943e-02
1.345311307344223550e-01
1.000000000000000000e+00
-2.823184561934392878e-02
-1.458975477357289663e-02
1.000000000000000000e+00
8.208695323132996213e-01
-3.045824982186957075e-01
5.101439282729045566e-01
-1.028531242705098825e-01
8.060528504886044221e-02
8.293506785771158629e-01
1.809081040478583563e-02
-1.847166886837263156e-01
-5.477729586143376128e-01
1.000000000000000000e+00
2.028779944284964942e-01
6.341018063565146967e-01
-4.901926983516777803e-01
-9.900723796246051478e-01
-2.236239570884156758e-01
-6.066144780256593760e-01
8.887265621546850403e-01
-7.089805185979181079e-01
-2.883980736780359377e-01
-8.594176629327914263e-01
-9.379375349813799945e-01
-4.349873463768603177e-01
1.000000000000000000e+00
3.315241159741377786e-01
3.558123666718203681e-01
3.072278870454200339e-01
-1.000000000000000000e+00
9.437258598801342435e-01
6.917851837939825721e-01
2.117223693303840193e-01
5.073902838314260366e-01
2.045227777856831464e-01
8.389645637978215831e-01
-2.835872601186676528e-02
6.750040671038614049e-01
-5.948971427117801802e-01
8.415898619515971291e-01
9.603306222264178516e-01
8.346775155183554507e-01
-2.733493362141592442e-02
7.610160971261601404e-01
7.252847896004805950e-01
-7.721227584538089550e-01
1.279025955614403187e-01
1.000000000000000000e+00
-1.404203085994411293e-01
-1.235115178376407080e-01
-6.174483217743335084e-01
-8.285985849401763526e-01
6.706203928756097055e-01
-3.300119071054856135e-01
-1.291737172616930773e-01
-7.977666692384021152e-01
-7.714884484869201087e-01
-1.561850935379984484e-01
-5.060453253821809438e-01
-7.702911838603851979e-01
1.173090379109037046e-01
1.000000000000000000e+00
-1.000000000000000000e+00
-1.000000000000000000e+00
2.075108808546255457e-01
-5.485098318376628868e-01
-7.042492240062940834e-01
2.308215133431738841e-01
-6.772500044490704640e-01
-8.527275537796402682e-01
-6.175595100496472645e-01
1.507053878207004483e-01
7.287974828426894147e-01
4.885325565229222122e-01
1.000000000000000000e+00
-3.702340242488362243e-01
-6.883071069206057047e-01
5.853081666064545718e-01
1.000000000000000000e+00
1.000000000000000000e+00
5.753561631904287044e-01
6.620036629388760530e-02
3.014469003615377618e-01
1.000000000000000000e+00
-1.000000000000000000e+00
6.817850643236774699e-01
-4.426349452355877734e-01
-1.623860655286877286e-01
-7.516899912231366221e-01
2.890358017313659489e-01
-7.060640875488872759e-01
7.260738528469843356e-01
-5.104784296786375464e-01
-3.735550572499209410e-01
8.193675227400766259e-01
5.919102410033696970e-03
-1.000000000000000000e+00
7.974149268549411973e-01
-8.524133364029845561e-01
-5.634638268908492842e-01
-5.496319042955245537e-01
-3.580669668979408748e-01
-1.000000000000000000e+00
-7.481875792607863840e-01
-6.290032058388219660e-01
-2.643493327803687620e-01
3.719969894443422853e-02
-4.667750385383881984e-01
8.135232571463466567e-01
5.871690282587800347e-01
6.014886582952467808e-01
1.060155542014312724e-01
-2.843895904013158948e-01
2.896616061457702451e-01
1.063718522073592299e-02
7.008139653728451268e-01
-2.633615282480835651e-01
1.000000000000000000e+00
1.000000000000000000e+00
-4.005424555226184680e-01
-1.618444802143710615e-01
3.490771154863816506e-01
-4.329110752375958659e-01
3.018258204270709566e-01
-7.024375913023779283e-01
-2.883787703582663120e-02
9.705661387026611742e-01
-5.701856572669031786e-01
-7.281860317719460740e-01
-1.000000000000000000e+00
6.666733041956989236e-01
-3.164156158579330969e-01
-1.000000000000000000e+00
8.512683198658047568e-01
2.579157451257735878e-01
7.157404940517835268e-01
-6.514369791427455647e-01
6.916934435638957268e-01
-1.000000000000000000e+00
1.161228535522030869e-01
-1.812832213405962678e-02
-3.994563153213312456e-02
4.972615281342135374e-01
4.463006067573469515e-01
-9.077239887319810130e-01
5.267012602256047060e-01
1.000000000000000000e+00
-9.526948910104330315e-01
-2.599702859288948176e-01
5.214638562673756805e-01
1.000000000000000000e+00
-2.001162352310647541e-01
-5.109323054574941292e-01
-4.006014967617500533e-01
2.340954398731721203e-02
8.575651742043837178e-01
-6.089747350311648377e-01
-4.044374076579108634e-01
4.667874648892014755e-01
-5.273953370737387569e-01
5.962560548331838906e-01
-7.090889946845868597e-01
-4.444182577199784490e-02
2.709248494224478776e-01
-1.230696013339593331e-01
1.000000000000000000e+00
4.443565742164938270e-01
-4.437476118935659852e-01
6.419713240005577859e-01
2.590006611969017936e-01
2.358594357092617944e-01
8.358463375964714226e-03
3.655157051379475108e-01
-6.653699369661414398e-02
6.480123930419514622e-01
1.343664739174983414e-01
-7.418330788513638474e-01
6.442289760974415636e-01
-9.550301018846413248e-01
6.209265109210277966e-01
-4.527918917914340313e-01
-1.856561739662739019e-01
-3.445846532851913890e-01
4.823612411209780015e-01
-2.726002869840271625e-01
-9.327567012719489847e-02
6.827571683511145517e-01
