-7.835494888847109873e-01
8.226045443630568554e-01
5.256683769785216453e-01
1.000000000000000000e+00
1.000000000000000000e+00
1.149713626042131731e-01
-1.000000000000000000e+00
1.667975276720414235e-01
3.085866157049037550e-01
-9.390094041744639908e-01
1.000000000000000000e+00
9.170810580553500069e-01
-1.500849301664794189e-01
-8.610808632481742331e-01
1.845295895296998889e-01
6.763598723884016728e-01
7.775231368431851919e-01
8.318720499198697382e-01
-6.619245053918441091e-01
-1.087984715630685717e-01
7.003476563060228033e-01
-1.329020344764889061e-01
7.046381411468671807e-01
3.045040117292910908e-01
-9.847034788840243191e-01
-4.586167092213198071e-01
-1.000000000000000000e+00
3.723028845606762838e-01
5.199730397669505289e-01
-1.185726787686245537e-01
-5.339991639230561304e-01
7.525753359517750596e-01
-1.000000000000000000e+00
1.625631181062903441e-01
-3.125787007245584559e-01
-7.212105131635458688e-02
3.467402622464890727e-01
5.270100987511895374e-01
8.414893696014391633e-01
-3.881845622161289588e-01
-8.547567593458101076e-04
5.207606041858383605e-01
1.234613169117029785e-01
-6.556917731858690201e-01
-7.505176930714271277e-01
-1.000000000000000000e+00
5.326201127317613526e-01
1.000000000000000000e+00
1.000000000000000000e+00
-4.634722625610330216e-01
-5.407315389357586488e-01
-8.063596586335323169e-01
-6.594212918651036759e-01
-1.000000000000000000e+00
-2.301603646091370248e-01
4.883209661930765222e-02
1.233611601737542446e-01
-1.090476133329159603e-01
8.257873033878762037e-01
-4.260668401086797341e-01
1.320215235616691851e-01
1.000000000000000000e+00
-1.000000000000000000e+00
-4.143937290337045276e-01
-8.230928377434922893e-01
-2.508563233458208641e-01
-4.029682177177019708e-01
-9.147760978707919488e-01
8.491745206133652912e-01
-3.883975899978816537e-01
4.475331549451774249e-01
4.677502253815130073e-02
-1.000000000000000000e+00
-1.075973818699914875e-01
-1.000000000000000000e+00
2.278792509014819223e-01
1.638705419331610846e-01
2.368793366514352350e-01
3.985284176069532891e-01
-5.222033859706096126e-02
-2.847854078459113869e-01
-1.000000000000000000e+00
1.757767253409119879e-01
5.347423397898628528e-01
8.003152321926068069e-01
1.497722575111690435e-01
1.159165366920543172e-01
-4.418585869134714628e-01
-7.374086615101895781e-01
-1.315915190875434349e-02
5.022423674895870604e-01
-2.106949972883210287e-01
-3.025271173162022986e-01
6.742698430637096285e-01
7.898284512517667055e-01
1.717141761367150798e-01
1.000000000000000000e+00
-7.651059228935552792e-02
8.902610926795632151e-01
-7.705913711270511168e-01
7.583216407921498092e-01
-1.263454087244758051e-01
1.000000000000000000e+00
-1.973415170556698794e-01
1.549794617647748396e-01
-2.884469576199871765e-01
5.136381358631707528e-01
1.000000000000000000e+00
-2.165424600663782562e-01
9.471011955458236153e-02
-2.663213720832915410e-01
4.161111761115135477e-01
9.242977909716001417e-01
2.333407179338627402e-01
-9.010575981730324369e-01
1.154185801126393907e-01
7.131713240735932935e-01
-4.422606129982272760e-01
6.130683027091964332e-01
-1.000000000000000000e+00
1.531635089087777513e-01
-6.613627675785185289e-01
-6.546788975631838425e-02
-6.037384243470813594e-01
-2.153349722949474687e-01
-2.163183526858915573e-01
-7.808308137856277975e-01
-5.031719917837400580e-01
7.211249610502636909e-01
7.391318061443983289e-01
6.641693770159864396e-01
-5.419251354351466432e-01
-3.300427898003790439e-01
6.912582020279065542e-01
2.016893170732732554e-01
-1.983295606145855233e-02
-7.553845961961257460e-01
6.961133193342777803e-01
1.000000000000000000e+00
2.440359112165247923e-01
5.884033400335109826e-02
-2.519976609729964734e-01
-7.173869482328748548e-01
-1.000000000000000000e+00
1.668750661125047996e-01
4.992001290522497803e-02
-7.229684042716483239e-01
2.526014101198895689e-01
-1.000000000000000000e+00
-1.741950389396403343e-01
-8.486469086836628817e-01
-7.086988809827284852e-01
1.000000000000000000e+00
1.000000000000000000e+00
9.507849181639671521e-01
5.537430148841366861e-01
2.266820516628905158e-01
-3.890936598139923402e-02
-1.000000000000000000e+00
-5.512980014654480510e-01
-1.958428012558288689e-01
-6.731294846403762522e-02
1.000000000000000000e+00
3.069376152162858751e-01
9.894243007454936456e-02
2.943795514150620574e-01
4.039047148356764150e-01
1.711219679016928730e-01
2.885509479806332989e-01
7.013141568282250660e-01
-3.251906359467638397e-01
-1.821608668727400238e-01
-7.925626333739773655e-01
-1.000000000000000000e+00
-6.378554037578789693e-01
1.666466929213930581e-02
3.113499270637820615e-01
-2.075962269713172992e-01
3.931677771193979321e-01
9.148968631460459022e-01
3.295430107509993989e-01
-9.106986015517757327e-01
9.990135947053732646e-02
6.286910859083018055e-01
4.443591268892451707e-01
-3.485586142592865810e-01
-6.971416444731017847e-01
-6.479398318121372125e-01
-6.996136301919075873e-01
-2.931225190217251475e-01
-3.698131022973956683e-01
-4.281731115192168868e-01
8.226269388937578197e-01
4.723886308110527565e-01
-5.903064930268606680e-01
-4.626628361852029303e-01
-1.000000000000000000e+00
-6.774347622670522373e-01
1.396773295082450184e-01
9.136328590292691620e-01
4.459010808984876784e-01
2.875301482695361011e-01
7.875630715042903907e-01
-4.389787191964279467e-01
1.475113397886277933e-01
-5.251647450455587673e-03
-2.123051636859955293e-01
1.000000000000000000e+00
-8.421234218584450204e-01
6.804594526747443917e-01
-2.594821870898490479e-01
3.884327441070599685e-01
6.176840462884080063e-01
-4.618948915380947096e-01
3.860372013121513013e-02
3.253559395632538709e-01
4.780889048790849527e-01
1.000000000000000000e+00
-7.705660159577170099e-01
-9.012698685306113067e-01
1.000000000000000000e+00
-1.486871190135242160e-01
6.367999205969971932e-01
-7.793769106276993153e-03
1.861590483703924881e-01
5.421905225137682027e-01
-6.156163850698539441e-01
-3.150667892565523626e-02
2.484204729999042183e-01
5.045460886873194273e-01
-1.052294637616274231e-01
1.501968459355715879e-01
-4.302823372222588372e-01
-5.626369423803387892e-01
-1.170606935110028168e-01
-9.479545230300888692e-01
-1.307021546331096351e-01
-2.992495593223098438e-01
-8.323171224152551284e-01
-9.260520050252499802e-01
-5.145560085221132507e-01
-9.944320984574039901e-02
9.254492056995847760e-01
8.819250860475211229e-02
-1.000000000000000000e+00
3.557164227302381798e-01
-9.063140267806997219e-01
-5.739079305970888889e-01
-5.748977843024526413e-01
2.407328746601926639e-01
-8.498336201082656860e-01
-6.062643986738357471e-01
-5.565087221276314722e-01
6.743240388349526215e-01
-5.829176906965096716e-01
-1.000000000000000000e+00
1.074479235387749698e-01
1.276603427195946716e-01
1.000000000000000000e+00
-7.922672119754833320e-01
1.000000000000000000e+00
9.692055369229080064e-01
8.264005581344294749e-01
7.788603379827526707e-01
4.919540611823612353e-01
