1.000000000000000000e+00
-4.894823590715551287e-01
-1.000000000000000000e+00
-1.000000000000000000e+00
1.996869217307895017e-02
2.984336225833533751e-02
-5.899350485328868077e-01
8.307761514613580811e-01
3.759124247938546159e-01
6.257633481457535174e-01
5.132186744948846746e-01
4.874382191182893287e-01
-1.109817281622522966e-01
-4.032390097289654252e-01
1.897110556684975802e-01
-4.632112383480751494e-01
-7.299973111052709962e-02
-6.785720985670669059e-01
-1.000000000000000000e+00
-1.000000000000000000e+00
4.102610580550877795e-01
2.059060769646806621e-01
3.269306119515730247e-03
4.214202111980775434e-01
-1.000000000000000000e+00
-1.626223451016051980e-01
-1.000000000000000000e+00
5.559870604849139752e-01
2.232346682333257171e-01
8.513275368407063892e-01
-8.076527170974709957e-01
-2.983577008568222833e-01
1.055254353857607852e-01
-1.302629701578094101e-01
-2.053492301475429438e-01
-9.004064757356750048e-01
5.152951593061967372e-01
6.490863530023548433e-01
4.953567609575769692e-01
1.000000000000000000e+00
7.782550585136170929e-01
-3.883183241397326069e-01
5.387795663031796911e-01
2.782231868994690105e-01
-5.374312808684817977e-01
1.928601928023933321e-01
8.934478462547548183e-01
8.440304919267485051e-01
1.322995425095566668e-01
9.849125565404830418e-01
6.594601041069521052e-01
-6.148966308630368083e-01
5.123640746286480807e-01
-1.762523058519491204e-02
7.900410943355391513e-01
-6.317745713620642745e-02
-4.766819033450123699e-01
-4.231834886064232415e-01
-5.362513004517703852e-01
1.000000000000000000e+00
-7.646669966682401176e-01
-9.943201553225324840e-01
5.541933281767563724e-02
1.000000000000000000e+00
6.700291231131252356e-01
-1.815987480995527314e-01
3.766249266876148249e-02
5.933914960808877037e-01
-1.000000000000000000e+00
-6.009675663632239040e-01
-3.046699522181167130e-01
-3.766569695967236231e-01
-7.460998492098205315e-01
-1.000000000000000000e+00
-1.855021362776100025e-01
-7.203773813830746109e-01
-3.749591694369679984e-01
1.000000000000000000e+00
1.000000000000000000e+00
1.000000000000000000e+00
-1.992279110474641235e-01
9.069057641873173869e-02
9.501817013223485819e-01
1.041319688468472782e-02
-1.429677896869269160e-02
-9.881265693417496943e-01
4.400156468669536025e-02
8.797244418064269211e-02
7.747933846611799735e-01
3.910358080970487982e-01
6.599676401360051736e-01
-1.000000000000000000e+00
-4.620486176870303163e-01
1.000000000000000000e+00
9.200674801219831112e-02
1.000000000000000000e+00
-4.743525756214950206e-01
8.912486552851235366e-01
7.118856249893035226e-01
2.651557510163419229e-01
7.880283110579688888e-01
-3.709074937409102546e-01
-9.275197838563691288e-01
4.644210431263431360e-01
3.445754073894682357e-01
2.104830437746115501e-01
-1.157496169899665528e-01
-6.135117729386776464e-01
-9.886330878967340974e-01
3.733787041543483731e-01
3.700513028611281952e-01
2.754091357816201846e-01
-3.925189028345831277e-01
-6.257150492726357704e-01
-6.439394100854985981e-01
-3.409459422751890956e-01
1.543545464294434344e-01
7.716788643530749781e-01
-1.000000000000000000e+00
5.081795309128708249e-01
9.715312541943764701e-01
-1.000000000000000000e+00
-1.000000000000000000e+00
-7.401359790526707005e-01
6.347942573480184203e-01
-4.115169820034365877e-02
-3.989967006771006353e-01
-2.951302361770232197e-01
-6.857181092986743831e-01
1.739898999690547843e-01
-7.481657286883538482e-01
-9.685049119823230246e-01
1.562375686087987270e-01
9.881673026066487564e-01
6.758205777170183115e-01
-1.517937917650902524e-01
3.510653989851749701e-01
-2.377164748360611479e-01
-2.632077588145523839e-01
5.658204846970285029e-01
-7.195796590581092778e-01
-5.017288335798657517e-01
6.663322232731585526e-01
6.872262029407613104e-01
2.542737517239985201e-01
-3.072262584529530383e-01
1.927664232821665324e-01
5.601324498092180582e-01
5.263099410324205696e-01
8.293415269664090594e-01
-9.306035512263896026e-01
-7.591577786941557104e-02
1.003627966263444110e-01
7.980909837582048638e-01
-2.820255133561464511e-01
-3.981920848897687604e-01
-8.787913912647884462e-01
6.483417899083516733e-01
-1.000000000000000000e+00
-3.191400563407028601e-01
2.898517002931982889e-01
2.306935622618417059e-01
1.000000000000000000e+00
1.000000000000000000e+00
-3.997282015758195639e-01
3.079931347110986262e-01
1.000000000000000000e+00
-9.401097843197141479e-01
5.310675710049430620e-01
2.984071871980421564e-01
-5.004689315437592656e-01
-1.020702201124524255e-01
-1.751445688959102909e-01
-4.609351804733550217e-01
-1.671772737976159884e-01
-2.023882688497728177e-01
1.116529588135959650e-01
-8.784738681185518816e-01
3.248733219934597516e-01
-4.282663415101732318e-01
1.775766807122555191e-01
-9.792007624117651243e-01
-4.944738161092597228e-01
2.119444337170559578e-01
-4.642407033228576063e-01
6.833919828457470924e-01
5.681407629621721966e-01
8.645737867918957820e-01
2.268824776404140264e-01
-5.743395865453020110e-02
-4.219932262311625326e-01
-1.409048839095267680e-01
8.477121782921910320e-01
-5.240489450236993640e-01
-9.051242452864265431e-01
5.922922116511419866e-01
1.000000000000000000e+00
3.341625518175797005e-01
-8.077515069835876638e-01
-1.000000000000000000e+00
6.769928142198217147e-02
4.479645004566796818e-01
-4.619745291600417803e-01
-5.130181213233248050e-01
8.513441284897402817e-01
-5.251146212082040687e-01
7.097386772126427212e-01
1.000000000000000000e+00
-9.550453227987913962e-01
9.185224925437008858e-01
1.000000000000000000e+00
-1.000000000000000000e+00
6.625446876465894697e-01
1.000000000000000000e+00
6.816401097737306847e-01
8.273796639851114243e-01
-8.317905996713331751e-01
3.001467548331547830e-01
-7.877217024200278139e-01
-1.000000000000000000e+00
-3.198168138397036175e-01
1.525101291194723985e-01
4.779593434772848592e-01
7.766743670888509588e-01
-5.888379471560525880e-02
-4.258514195983207906e-01
-4.111779848351183597e-01
9.655915444477430887e-02
-1.039120228397715784e-01
-4.597391459885830090e-02
-5.191341683429314680e-01
9.112064551185341532e-01
7.970708304634395169e-01
-7.326459188566915304e-02
-3.302098632236388220e-01
1.000000000000000000e+00
3.170114167462946830e-01
4.246339436307555726e-01
5.903453483353969800e-01
-3.551764686040321251e-01
6.048500358865152027e-01
-1.000000000000000000e+00
2.572634239691790059e-01
-1.403290454358306349e-01
1.818105864668360105e-01
-6.493152558819057507e-01
3.298280180898166547e-01
8.040493359813720708e-01
-8.320420931129888231e-01
7.467763466399222061e-01
-7.454431718926073369e-01
-6.689288577273764247e-01
-1.000000000000000000e+00
3.550363275577808064e-01
-5.434209789526054379e-01
-4.668451200059376416e-01
1.000000000000000000e+00
-1.339751044291905835e-01
3.595247398974523168e-01
-4.563893903440774391e-01
-5.068744864948148132e-01
1.768691027866174936e-01
2.455750534451214273e-01
-4.603943967929496894e-02
4.169924833556034049e-01
