2.821990975194730300e-01
1.000000000000000000e+00
3.400835850656449555e-01
1.000000000000000000e+00
-8.189903077094567996e-02
-9.250323982909468556e-01
-2.632185605822173757e-02
4.737328322229613087e-01
6.462866936923775674e-01
1.000000000000000000e+00
6.791805619668630500e-01
3.062248038435311792e-01
6.204636485902530196e-02
-8.884502777760694414e-01
-2.309064624153004952e-01
-8.852523997374667220e-01
1.000000000000000000e+00
1.206338821233164937e-01
-6.658787452240924054e-01
-1.148777086373236056e-01
-1.000000000000000000e+00
8.652817934302827751e-01
7.074122139635414808e-01
7.774796532038265318e-02
-1.256197594008444940e-01
-8.522325197536341213e-01
1.000000000000000000e+00
1.193506454571948427e-01
4.838306643387884076e-01
-1.000000000000000000e+00
4.657262738627774845e-01
9.521805523901918922e-02
-1.088336806118458677e-01
9.595392338392884080e-01
-2.124338678825860027e-01
2.875584661349838145e-01
-2.967482031534909859e-01
3.328964817253809438e-01
-1.075334273319392270e-01
3.999874890338704914e-01
5.145761813881198909e-01
5.198925706894200749e-01
6.098189235471999092e-01
7.648773544999386553e-01
6.935883679702948834e-01
1.000000000000000000e+00
3.851079060361140005e-02
-4.851553234580973095e-01
7.793995917487660519e-01
7.224855561208349819e-01
-3.879007985898772493e-01
4.363122592733649774e-01
-5.201376849150295412e-01
9.959907601114261766e-01
5.137821435906000378e-01
-8.221063431060338100e-01
-6.137065890188481143e-01
7.646924599113037457e-01
-6.814335113528982024e-01
1.405590704551530623e-01
5.050270440339414968e-01
2.296443171676301465e-01
2.410786536733870722e-02
-6.990083472138574061e-01
-1.000000000000000000e+00
-6.821197003005805004e-02
-3.719353597213309603e-01
-7.334352490294848703e-01
1.000000000000000000e+00
-1.000000000000000000e+00
1.329693261112513680e-01
-1.388447103622303391e-02
5.262718319020158741e-01
-4.483593182992535731e-01
-7.009564344573750994e-01
2.661963843891249071e-01
5.169952906890891153e-01
-9.437977022258371707e-02
5.458889361562602183e-02
-1.000000000000000000e+00
-8.975979049998729087e-01
-3.008726949489595737e-01
-7.906969729070200126e-01
-8.232373683468615644e-01
-5.037320710451193007e-02
-9.515571976153606171e-01
6.008058217340339624e-02
-7.300493604439497464e-01
-2.417772049348569374e-01
1.000000000000000000e+00
-3.380683783436466694e-01
4.664320967791313333e-02
-5.930549047381103445e-02
1.985423879584367335e-01
2.119902204673737578e-01
3.263677473032856047e-01
1.969634604758197238e-01
-3.391850826434097410e-01
4.161875622361621563e-01
-6.617152543844553314e-01
-6.871954604540486677e-01
-6.999472533759256709e-01
9.672828419715731596e-02
-8.350595006103627149e-01
-2.203334923154784963e-01
-5.680841758044385958e-01
3.125217162885641220e-01
-5.198978358229577879e-01
3.841738348153886373e-01
9.718980668181668170e-01
2.735854885451345364e-01
7.511154040674253296e-02
-6.392730728346731617e-01
-8.493841048680279560e-01
8.749385619637746192e-01
4.916679353456828161e-01
2.115770400490628589e-01
-1.392347544003724735e-01
-1.731451627316111797e-01
3.663208620523656367e-01
-5.956883548622917690e-01
-9.265868403703958478e-01
-3.535182532180436432e-01
6.134461957322178138e-01
-2.770264042823445960e-01
-8.644840212511093469e-01
8.179534008310057613e-01
-3.191145323272531753e-01
-1.667732325364021939e-01
-1.000000000000000000e+00
6.599136769513128664e-01
-2.896452241440992115e-01
1.000000000000000000e+00
2.104185931872758764e-01
-4.150077150691935390e-01
-8.799014556523093722e-01
-2.490787446039546826e-03
1.996731617241378487e-01
2.563357751333413814e-01
-1.062287521860894590e-01
1.000000000000000000e+00
-1.984474017302895188e-02
2.165475206013842691e-01
-7.020454720342357291e-01
-4.389786367899196629e-01
-1.000000000000000000e+00
-2.460494390505054974e-01
6.857829838905027398e-02
-3.818748900238616573e-01
6.062525731055882217e-01
9.050070515472763422e-01
-1.000000000000000000e+00
2.050992355753555874e-01
-4.843057762326349325e-01
1.254196082411316304e-01
6.294151470150379790e-01
-1.000000000000000000e+00
-1.000000000000000000e+00
9.473212624127597126e-01
-7.508441008078953205e-02
-2.873342805261335786e-01
4.979538184917890464e-01
-1.064527270561395761e-01
-2.175451300318493042e-01
9.528290247511292388e-02
9.414065493826415665e-01
-2.043363400690286769e-01
-1.049642921086186564e-01
2.153183753066223449e-01
-2.486104255472733615e-01
3.522467019999275251e-01
2.872460925350239780e-01
7.430858697664421975e-01
-6.149065097035526506e-01
1.000000000000000000e+00
-4.400947282454708565e-01
-9.917780970424552867e-02
9.404469441628082738e-01
1.424636514321960812e-01
-7.530716343851959760e-01
1.875412467815819328e-01
-6.882837703341659896e-02
-8.966469024073410177e-01
1.000000000000000000e+00
7.987707836330794064e-01
-7.183510743103158624e-01
-6.975704855606770227e-01
-7.100002330548360607e-03
-4.606617465689584190e-01
9.446849894542090897e-01
4.201181194264712593e-01
-6.637711011642515313e-01
1.000000000000000000e+00
3.982804521339496362e-01
-1.866717399029809710e-01
-8.597505763966092340e-01
-9.446742811894789371e-01
-1.235622707774072793e-01
6.674849077635658379e-01
-1.000000000000000000e+00
-1.230844645115298785e-01
4.524257097002543637e-01
-8.783125749663813764e-01
1.000000000000000000e+00
-9.116961362253888090e-01
-7.405281449972591634e-01
-6.325740001904252008e-01
8.219781771478705812e-01
9.693976578473065819e-01
6.281478614390059168e-01
-8.554510108308411853e-01
1.716276407478225796e-01
5.244877019039119181e-01
6.939576389887823771e-01
-2.855526964794348199e-01
-6.066760000484410220e-01
1.495706006467389937e-01
-7.184242156646289956e-01
2.567637883172178004e-01
2.704650801052116416e-01
-5.940549806484626272e-01
-5.563571689744108983e-01
8.021504191286057406e-01
-6.867426045491386022e-01
-9.024147629314301922e-01
-1.000000000000000000e+00
4.209311110295624325e-02
7.252855303840897161e-01
7.802172554668396209e-01
-1.628193079692243361e-01
-1.444585646999316519e-01
5.265425654215899476e-01
-6.425247213586928741e-01
-7.714876363811820070e-01
3.736285451077112629e-01
-5.955358785219757589e-01
-6.461579116532258915e-01
1.000000000000000000e+00
1.000000000000000000e+00
-8.081795963282507600e-01
9.566621306963996041e-01
5.437346996916631037e-01
-1.227316207872243270e-01
-3.479559342092470864e-01
-5.805082415722770950e-01
1.459937806289581530e-01
-7.015022280901569984e-02
3.679859571751126213e-01
-6.007800990841766220e-01
-2.168791295638647920e-01
-5.569688394106311335e-01
7.790647537306816250e-01
2.371580218995155698e-01
3.967395659254877582e-01
-1.000000000000000000e+00
4.342056957454030197e-01
-3.001309512872102347e-02
8.940512901220108999e-01
9.127459221436150516e-01
8.668193744516090593e-01
-4.979295156848569937e-01
-8.721633993764104087e-01
-7.583713425838336519e-01
5.557991500897624393e-01
5.648729331368699258e-01
