6.371756669777618454e-01
9.321769041824872204e-01
-3.194767547301942123e-01
-8.545749766743956366e-01
-7.932513080590670729e-01
6.508065372942009597e-02
-5.094528507101645509e-01
7.768911725300138293e-01
-5.236468068943471721e-01
6.824052238039159946e-01
-2.553907461516951027e-01
1.650933394041051994e-01
-3.504295338353093925e-01
3.557370227169666665e-01
-7.604624179858929800e-01
3.084662530145612647e-01
1.000000000000000000e+00
-7.241975331743903954e-01
6.187876945169168419e-01
-9.046114497205607341e-01
-9.714446805437148003e-01
-8.368761097053628584e-01
-4.046898123832829430e-01
-5.244101786347108440e-01
-4.498121803507660887e-01
8.583173082481142524e-01
3.514900043019804077e-01
8.094635051452198082e-01
1.000000000000000000e+00
9.081182415265003360e-01
6.036820172474344215e-01
2.140584667393598817e-01
-4.438577950303126962e-02
1.000000000000000000e+00
-2.298157054751722994e-01
-2.314762143730690336e-01
-8.743803751227641197e-01
1.000000000000000000e+00
6.003828123868684141e-01
-3.176015400391308807e-01
-3.036575513226265621e-01
-5.487729739152383823e-01
5.489731050474306873e-01
1.137332669438634036e-01
-2.929983156801932442e-02
-6.059610477390817707e-01
3.436296909878545081e-01
-1.394841125643309643e-01
-5.085181159536862339e-01
1.000000000000000000e+00
-6.659158073827549096e-01
-7.751294549509752940e-01
-6.633507708262471603e-01
-2.093313053860331729e-01
3.320667482845289786e-01
-6.788923614913492388e-01
-2.928134213213084980e-01
-2.308764144191274292e-01
-1.373174903320099061e-01
-8.718965488281548160e-01
2.730250832521763371e-03
-8.661156423544568161e-01
1.000000000000000000e+00
1.080979092346014692e-01
9.900710560975251040e-01
-2.368291280856448244e-01
-3.067543970416529153e-01
6.673611392624477778e-01
-4.115043477372146152e-01
-8.662600421609636392e-01
2.184548466745839801e-01
5.471531412788229742e-01
1.000000000000000000e+00
-1.000000000000000000e+00
-9.249902638590299375e-01
-7.317186767626604471e-01
7.516047075907085206e-01
-3.224627865335623067e-01
6.485179554415760883e-01
6.631450124113510425e-01
-3.399297608623347289e-01
-1.342837959493620725e-01
-2.711457284115140753e-01
-7.775413999012695809e-01
-3.487770461887903517e-01
6.093978119263052662e-01
5.119554293837534908e-01
2.028958919427565344e-01
-9.766580957225694526e-01
1.202162669286222785e-01
-1.173623621768776770e-01
8.210004666704355802e-01
-1.000000000000000000e+00
3.210060338508552435e-01
1.000000000000000000e+00
-2.815317310067076972e-01
1.000000000000000000e+00
-8.402370726977878568e-02
-4.507479699404356444e-01
-4.269925540823917287e-01
-9.326124805310981314e-01
-1.610720044624280867e-01
-4.177024866183480789e-01
8.711269851582094104e-01
1.264905811032499827e-01
-5.751014540534837849e-01
8.683867999532070003e-01
-2.881900096739204442e-01
-5.229257481572292532e-01
-7.015988258595114990e-01
-3.290988581905091026e-01
-9.130617145181119110e-01
6.397981019216595344e-01
8.519493160698539125e-01
-6.117641126080811120e-02
-2.916438468386576277e-01
3.336681256439049115e-01
4.513529857187057459e-01
-1.550669585734631428e-01
1.813566226831159478e-01
2.034649193678363388e-01
9.383872225631262332e-01
-8.709858115497740583e-01
5.887665635491821092e-01
-7.896442649239157063e-01
-1.637232704231499081e-01
-4.078561095063372166e-01
-1.435146831494441000e-03
1.000000000000000000e+00
4.277589845578718686e-01
1.000000000000000000e+00
1.000000000000000000e+00
-3.615901534385059235e-01
6.843266313433301606e-01
7.293381742995979078e-01
-4.464468080403937167e-01
-1.000000000000000000e+00
9.982634663766180860e-02
-5.957621382922753117e-01
1.000000000000000000e+00
-8.483759120946009480e-01
-3.095024056420248026e-02
4.554848011779847328e-01
3.677001961390594098e-01
5.464557623327752633e-01
1.909794137505398393e-01
-2.947674200592326210e-02
6.363263199180990703e-02
2.646936781548427930e-01
7.122207052092732749e-01
-8.536342573776217746e-01
4.121629912874721913e-02
-7.405797947447984031e-01
-1.637114312616256839e-01
-3.538512023601753098e-03
-1.253596065619053679e-01
-7.045712052578365081e-02
-7.377380329574544371e-01
3.705559354875406775e-01
4.097333088641895715e-01
1.841992600066372221e-02
5.599139794411152060e-01
2.933872708551933939e-01
-1.904454126908253220e-01
5.073958820264609093e-01
9.488212723960274264e-01
-4.691613235077402022e-01
8.153572340148066422e-01
8.846748081364721461e-01
-7.489456946025001560e-01
-8.786375856907853166e-01
-9.887173006470736381e-01
6.066465729097755277e-01
-2.722680638269250886e-01
-1.505675136238629752e-01
9.846069949423372769e-01
-2.379506226166237526e-01
-3.930539122945774233e-01
5.388576445456049191e-01
3.945101375949207623e-01
2.629421138212885145e-01
-1.224548809168969909e-01
1.000000000000000000e+00
-3.885021786130437027e-01
6.631961249438671491e-01
6.450960317624676588e-01
-6.477774742108399764e-01
9.301878048508267494e-01
-3.494002797294248897e-01
-2.193487564584411520e-01
8.988833994111058434e-01
2.350237446245909134e-01
1.000000000000000000e+00
-8.924434839011820275e-02
-3.482739496226949782e-02
6.860170784859160875e-01
8.123721170611089004e-01
-1.777714144198566659e-01
1.907954694702471976e-01
1.000000000000000000e+00
2.523450646297450417e-01
2.346218873372475644e-01
-2.915549194417840773e-01
-3.848588351654528839e-01
-9.820617967562679240e-01
-1.528793639215702549e-01
-2.108743709441682213e-01
-2.573411479669819868e-01
3.230614187545833849e-01
6.759191714286436614e-01
6.131634902406236654e-01
5.263709567155984148e-01
-8.773232008163667217e-01
1.632164259912452231e-01
-1.000000000000000000e+00
7.854418741887259081e-02
-5.960004281087774025e-01
-1.712825057223634206e-01
1.000000000000000000e+00
-9.781557823486132230e-01
1.000000000000000000e+00
-2.061677653610344274e-01
-2.945191622676305299e-01
6.141595178143549605e-01
1.000000000000000000e+00
-2.509959115677745656e-01
5.391043487974186976e-03
-1.485505284256586900e-01
-8.916395433626752576e-01
4.662201243212789059e-01
5.039472907012124137e-02
-2.720458917042005154e-01
2.401003380649449070e-01
-9.572766379831657568e-01
4.375064354448279236e-01
2.188389908268680295e-01
-5.190041332953963110e-02
2.151033328021221547e-01
-9.216370505152272630e-01
6.914280712631470927e-01
-7.157458840056705185e-01
-5.811051991637713465e-01
-7.444199102213878705e-01
-2.256694466906478680e-01
4.303741706285709734e-01
1.359771163400844973e-01
4.982682639939438607e-01
1.633292121210189185e-01
1.000000000000000000e+00
-7.653415379347233705e-01
-3.359812770402768045e-01
3.035682290065190303e-01
-2.975875431764165024e-01
7.900602076338175683e-01
9.666416422355430527e-01
-8.910812365658276057e-01
-1.000000000000000000e+00
-5.884363102047872607e-01
1.000000000000000000e+00
-7.270947542558996446e-01
-1.570083360979784293e-01
3.648428044803316006e-02
9.630339687928164416e-01
1.967936913854352321e-01
1.000000000000000000e+00
