1.000000000000000000e+00
-8.091755488463650003e-01
8.793380531150235546e-01
8.034835154335578933e-01
2.760618397648617051e-01
5.937732780383150194e-02
-3.212075529570578847e-01
4.430948719956881998e-01
-1.000000000000000000e+00
6.674580521930828514e-02
-5.256213633154822595e-01
-5.285683473870954607e-01
-6.775373343969862683e-01
-4.408609375316489554e-01
-1.000000000000000000e+00
-1.735589817356038567e-01
-4.992698013556883252e-01
7.312443150887137922e-03
8.385066227680413320e-01
6.429320506699800486e-01
3.792346460650863893e-02
2.988190796406199889e-01
-3.455774090407638943e-01
-8.881157583557557356e-01
-2.544817885779149247e-01
1.000000000000000000e+00
-8.904668500764552075e-01
-5.658896243772314483e-01
-2.484573123286223928e-01
-9.150438218638681231e-01
9.899140985803506210e-01
7.072722645287753407e-01
-1.000000000000000000e+00
-6.981682358835454849e-01
-4.123937409382184560e-01
7.014481001450292297e-01
-6.741618087480991672e-01
-1.275813674227080918e-01
7.100958892612249107e-01
-2.045849955027951583e-01
1.457179535394353409e-01
-3.820890551426921466e-01
2.545973840944499855e-01
-7.031919884706622215e-01
7.633065323226453369e-01
4.124265088512557020e-01
3.720623727322853735e-01
1.545460221726496219e-01
-1.611077369793495473e-02
6.900358042063517994e-01
-4.237435703194152858e-01
1.447612102145789392e-01
1.901781144940108970e-01
-3.090291865631066281e-01
-1.301917604930364070e-01
-4.274678818399343383e-01
-1.797679224851415902e-01
2.983944371358472347e-01
3.097628428462448347e-02
-2.502042790383260384e-02
8.529157704081338220e-01
3.317605500063914303e-01
-1.871210067864415016e-01
-9.080475138723568262e-01
1.000000000000000000e+00
-1.927566175686854788e-01
8.049469749250499628e-01
1.000000000000000000e+00
-4.475437688468222874e-02
3.845134270548639099e-01
3.900450708722591475e-01
3.435571692271348343e-02
-3.923492290503265423e-01
-9.064613959389611342e-01
1.000000000000000000e+00
-7.215734364955711522e-01
-6.965596459466326662e-01
-7.738328004285943695e-01
-1.667459872973038326e-01
-3.361945838964545130e-01
4.417904215253981581e-01
1.683570373597157166e-01
-2.816503869133966664e-01
-7.207327115904886838e-01
3.770097025633503685e-01
-2.815191902864080387e-01
1.000000000000000000e+00
-3.040661673456596104e-01
-8.348642059452950903e-01
-7.433081034211675986e-01
-8.402368969214633054e-01
-3.379271841384025032e-01
6.117208645440008752e-01
-4.065274079171763422e-01
1.000000000000000000e+00
7.621726444765352104e-01
5.767779833932582534e-01
4.786975514921857910e-01
-9.449788014172109119e-01
-5.106210646852312740e-01
1.000000000000000000e+00
-1.000000000000000000e+00
1.117605087255915119e-01
-6.985134677730354680e-01
-9.479010739741320357e-01
6.540481352836076123e-01
1.138140291407682136e-01
-3.205499915179821357e-02
-4.916639389811958138e-01
-7.259672044214303677e-01
-6.236115005563624969e-02
1.000000000000000000e+00
5.337778381749653800e-01
-3.379679798845272587e-01
-4.944640412490743930e-01
6.792713045450925469e-01
-6.820136129616347631e-01
9.797080720379944818e-01
-3.954450194874993274e-01
5.681484694703119454e-01
9.107977913237986778e-01
8.174164774878366346e-01
9.825833941197147370e-01
-1.000000000000000000e+00
-3.610272386385252052e-01
7.584505209506443579e-01
6.717299011373052409e-01
-2.582283246711799540e-01
-6.686163755592325897e-01
4.669654735219069264e-01
-5.168791922074561507e-01
8.417410163257145195e-01
4.423617311687190190e-01
8.355117677771000118e-01
9.373457439940986458e-01
4.702841063305828601e-02
-2.515784686282990235e-01
1.914166327917896093e-03
-5.402259645521286791e-01
5.891178256000886293e-01
9.868984535227467436e-01
1.366605901935655787e-01
-2.240452726382030357e-01
-5.051467262623716703e-01
1.000000000000000000e+00
4.188154347635559827e-01
-9.169501745912225776e-02
7.671311270629033174e-01
4.322390744752999669e-01
-7.021061310239520292e-01
-8.328972043946560877e-01
-1.000000000000000000e+00
6.563508715097964297e-01
3.709627621877932824e-01
1.000000000000000000e+00
-2.029668579927731142e-01
1.000000000000000000e+00
-6.164524131210037394e-01
6.149701094976185445e-01
-2.496708387453282219e-01
7.505818372851317255e-01
3.601817228118742165e-02
-7.360940271741245322e-01
-8.232988895524752104e-01
-5.270682701735819320e-01
5.554085534817315706e-01
-1.000000000000000000e+00
9.612424129988212940e-01
-1.983375050565047704e-01
4.431183468726883068e-01
-5.187595100016115790e-01
8.383817685123244878e-01
3.464004130895435019e-01
-1.452325174798640983e-01
-5.565828957474712180e-01
-1.080106024957775412e-01
5.675253902692223296e-01
3.945597483746671186e-01
8.707787193630205369e-01
-1.000000000000000000e+00
-1.000000000000000000e+00
-2.794074218388591380e-01
-5.097176725315633039e-01
7.064795553101506087e-01
-1.753947886471544648e-01
6.877356948862181074e-01
7.322874160543790811e-02
3.114944559206766495e-01
2.827908006497333870e-01
-8.208506212642503463e-01
8.003627999238924207e-02
-1.587418056775598274e-01
-8.583394815531313338e-01
2.295545392109857585e-01
-2.946742203698619056e-01
4.965863878689706634e-02
-5.605359804744125540e-01
-1.000000000000000000e+00
-9.870626222122313997e-01
-4.339983869604404076e-01
8.785706778881283707e-01
-1.000000000000000000e+00
1.623854621190678749e-01
3.598043372798198081e-01
-7.498823214265768478e-01
1.778826571785167565e-01
-3.987122447384625623e-01
-1.802956120217707459e-01
-5.697727737507729540e-01
-4.892522637894424209e-01
1.632823055837190340e-02
-6.115464630125417855e-01
-3.530786798850982788e-01
8.265217362354063679e-01
-3.869902444826436860e-01
3.298181101492255185e-01
-2.383009360452576220e-01
1.000000000000000000e+00
8.876974563425850118e-01
3.637247912793556415e-02
2.107364469695611198e-01
-5.757233051365360232e-01
9.812955665464084820e-01
5.236644267762983196e-01
2.338473973292218289e-01
-2.237627326325477284e-01
-1.000000000000000000e+00
-2.911784046306986617e-01
1.000000000000000000e+00
-6.382474614560840198e-01
7.905938016590106088e-01
-1.399982894400482181e-01
-6.227128054181345629e-01
8.156382139294046096e-01
8.485998006600997678e-01
-1.744977727044569882e-01
-5.116141781857222459e-02
1.592228960944515048e-01
4.535900543824095132e-02
4.958342059194798535e-01
-2.082692405514970924e-01
8.827936736820407582e-01
3.620469080849756383e-01
-7.166960418265175270e-02
-7.113585678812650581e-01
-7.168741128873274970e-01
1.791275483337589625e-01
-6.214212477302264448e-01
3.794603674611713995e-01
1.684218882332674527e-01
-2.730198868147987179e-02
1.008094717408158369e-01
1.142601216245544976e-01
-1.112368220803431895e-01
1.000000000000000000e+00
6.907049050683635727e-01
-2.847607330290315986e-01
7.117329350446300884e-01
5.349270543077639939e-01
-2.950635355468930188e-01
7.071622601127138807e-01
-1.024345793215215294e-01
3.414535627409666096e-01
4.131543529476141563e-01
1.219702409407380783e-01
