-7.182939504245434703e-01
-3.004979009340781326e-01
9.947860213539406748e-01
8.667576261216215494e-01
9.321199641241675327e-01
-1.981501996453715053e-01
-6.469693505567015723e-01
9.185078290225585640e-01
3.400495120537097016e-01
-6.870868940198640584e-02
9.526169445570030758e-01
-7.343992873788426357e-01
7.205042853329750585e-01
8.625274315586044238e-02
-2.094875401790305125e-01
1.853390070511837240e-01
6.650654359780344693e-01
2.739532395019834143e-01
-3.883048277361543787e-01
5.583609256169312918e-01
-2.736069697622513508e-01
4.059716155531999937e-01
-1.000000000000000000e+00
-1.000000000000000000e+00
-1.167945542635822342e-01
6.166198667287713375e-01
4.099003761261153511e-01
-2.160473376326682016e-01
-1.000000000000000000e+00
5.904080540877248984e-01
1.248687154659275655e-01
-7.140342281862601670e-01
6.031114851285551692e-01
1.000000000000000000e+00
-1.000000000000000000e+00
1.000000000000000000e+00
-2.890996348941062832e-01
-5.721161570417133690e-01
-1.000000000000000000e+00
4.848592860742433341e-01
3.772721314226122891e-01
1.000000000000000000e+00
-8.094975568613091976e-01
1.000000000000000000e+00
-9.935514979295870241e-02
3.282371839543530845e-01
-4.321471118917705745e-01
6.560240720153991401e-01
2.611899511706172738e-01
1.804220702903619744e-01
7.202254348120713523e-01
-2.949243100051410216e-01
1.000000000000000000e+00
-5.527772929821423986e-01
1.000000000000000000e+00
6.929193747251541913e-01
-1.256718316503979693e-01
9.464966190068899721e-01
9.598591679410484190e-01
5.943436238004079497e-01
-5.641186027093497701e-01
1.279483997185588418e-01
-9.544550743275735938e-01
6.702890445980111966e-01
5.337717199577033389e-01
-6.058252717388068476e-01
9.856105501154194259e-01
3.634992644595744782e-01
4.652140410773351054e-01
4.750659908999275149e-01
-4.190700316404338821e-02
-2.656811829228707955e-01
1.000000000000000000e+00
-4.391478488433950278e-01
-4.808772172622354790e-01
7.989313964701645343e-01
-1.154966446921460860e-01
7.700536745516557424e-01
-7.188007450426087130e-01
-4.937819918885778536e-01
-9.427801494423915241e-01
3.695568897660485019e-01
4.461075341619824552e-03
-2.813419457070351903e-01
-2.922670147428790277e-01
-2.355325925021248823e-01
7.424652471587485092e-01
6.385728966684347530e-01
3.810991132052730657e-01
7.106223995279408179e-01
-3.169588724380553724e-01
-2.852925004736942549e-01
4.862628780737988099e-01
2.399715623251232610e-01
-1.913721852020849878e-01
7.610923342866683372e-01
5.195229715784338564e-01
3.731206198612523339e-01
-2.807043418432806914e-01
4.999382822619556910e-01
-5.667828446497161776e-01
9.992207055371626900e-01
4.229769367662601642e-02
-8.061920410139589155e-01
-1.192693170491485599e-01
-2.940651567130531108e-01
1.000000000000000000e+00
2.861596471339761250e-01
1.753639499765924925e-01
9.968012957120858664e-01
2.562253086393606050e-01
2.370834784905601622e-01
-4.948027545359984236e-01
-3.245003230270671613e-01
-2.630613758319113593e-01
9.573394253321274583e-01
-1.775526436217487736e-01
-2.044437009135874339e-02
7.431744422485858648e-01
-8.624520759608853560e-01
-1.831044817230368105e-01
-1.595727601743996138e-01
8.120632022298959196e-01
2.080088737664463894e-01
-7.417666876044211044e-01
5.238598143809315433e-01
1.305501061960373244e-01
7.431264050223294060e-01
-1.976896208069846006e-01
5.033475429756877340e-01
8.838958399080272255e-01
-6.440805252006038817e-01
6.251701134391735026e-01
-4.331962461199478920e-01
9.042572376316174165e-02
1.000000000000000000e+00
-7.448978759965393937e-02
-1.000000000000000000e+00
4.449016242084631867e-01
-3.196183511975106972e-01
4.679837540042223187e-01
-4.446323258445319948e-02
-6.961639834597206367e-01
7.706703242568361256e-01
1.000000000000000000e+00
6.737962173024809598e-01
1.583462188243251467e-01
6.507213915741040244e-01
-6.107333682848533618e-01
1.000000000000000000e+00
7.915644312165466268e-01
5.594912336264308284e-01
-2.382049334221034431e-01
8.997340496446892821e-01
-1.000000000000000000e+00
7.073558388337255476e-01
-1.943657935667316705e-01
1.000000000000000000e+00
-4.193927196895564924e-01
4.303651906229093438e-01
2.518957248092051904e-01
-2.653064915016515313e-01
5.505099750612403309e-01
-7.538262673266058478e-01
-7.424432148506467932e-01
4.823684093902308456e-01
1.000000000000000000e+00
-6.249413148145446240e-01
-3.157224100933293531e-01
-1.876680658375858846e-01
6.726155427985546220e-01
-8.828771649558043721e-01
5.338914061119833798e-01
1.000000000000000000e+00
7.115391700404460895e-01
1.000000000000000000e+00
1.683101330849220978e-01
-1.000000000000000000e+00
-3.269988374807168974e-01
1.966766937787381431e-01
9.276806796161336521e-01
-8.880718389939538104e-01
-1.000000000000000000e+00
7.171528107331276436e-01
-2.248756428364273585e-01
-3.226591789938557664e-01
4.476940939778385475e-01
-3.059595737725052667e-01
-5.665830300011289733e-01
9.728850687756187554e-01
9.325879799079268562e-01
1.000000000000000000e+00
6.491425432685932195e-02
4.249893576085312374e-01
1.000000000000000000e+00
6.822193589912517453e-01
-1.518695368644477628e-01
-1.546662024564945115e-01
-2.778318855385578656e-01
9.111654874729691045e-01
9.356827178509842247e-01
-9.048381188136156439e-01
-1.462210703838651704e-01
6.921046678843301159e-01
8.336758970335118590e-01
-6.419224745303120372e-02
-5.097110992746700653e-01
-1.289800101491065665e-01
-9.726399992819830809e-01
1.336042525526846547e-01
-6.082010531172536982e-01
-1.686765165700910840e-01
-6.947539682269538996e-01
8.284763074939971439e-02
-2.079163572426052653e-01
3.290757458803858504e-02
2.016063350529716247e-01
-5.325985571417080067e-01
-3.186417635299678142e-01
3.172518439959503000e-01
-7.340680488760219502e-01
-2.143278143072809283e-01
-3.010419630128127744e-01
7.759211557276204374e-01
2.226786747205464212e-02
-7.447528654397890246e-01
2.745998040608271240e-01
9.451461137933858669e-01
7.570653196787127115e-01
6.433664799493340469e-01
4.446563259131149914e-01
9.630511426860494106e-02
5.773208590943074148e-01
-1.407408274308274421e-01
3.857412885193640673e-01
1.000000000000000000e+00
-5.326870921868884778e-01
-6.755265826799800033e-01
-1.310866815423549769e-01
6.099633997212365877e-01
-7.594064107198994495e-01
7.088051370647818761e-01
-4.177751336909923952e-02
-2.933800155352526140e-01
5.201306107507958076e-01
5.250894932947235416e-01
5.210798621327417113e-01
-7.220224933868603090e-01
8.875887313436560122e-01
2.379622813613383736e-01
-2.247459874784869527e-01
-4.357276721542389653e-01
-1.000000000000000000e+00
6.354079295797044891e-01
2.616751330830009437e-01
-3.431986390177776958e-01
-8.352480945987290628e-01
-3.713736978758988561e-01
-7.189602343359657866e-01
4.126257359122538215e-01
-1.000000000000000000e+00
-6.497058725494808673e-01
-6.462180370014921627e-01
2.213902559056737940e-01
-4.647427058046997850e-01
