-6.118998005007800778e-01
6.453531990824172837e-01
9.495750381335973378e-01
1.055320589857175473e-02
6.622018113203914647e-01
6.585990302834348054e-01
6.507590443687303328e-01
6.384790469968361082e-01
-1.783824634775024176e-01
9.399043037129133360e-01
5.025279430963740246e-02
7.483766041030553984e-01
6.815259636456335590e-01
1.551960469664286912e-01
5.102218245974379229e-01
4.242156251921127552e-01
1.000000000000000000e+00
-1.869297708011137260e-01
-1.000000000000000000e+00
-8.049173432672922512e-01
6.770045719579823595e-01
-1.753723426204382152e-01
4.283478160406842816e-01
7.076599353248718138e-01
1.085936971393260120e-01
-5.373401806284292537e-01
2.914825573517711432e-01
-2.766699908202931435e-01
6.492814676835351184e-02
-3.605559707332500752e-01
2.923411652588998044e-01
5.918635197041623996e-01
-6.332654208554684416e-01
-6.188957939949022435e-01
-3.088038749770745106e-01
5.194506218135607201e-01
9.413731560620816619e-02
-3.493331156109033553e-01
-8.420184033664092071e-01
1.000000000000000000e+00
-5.198454106467846891e-01
8.733092355973859355e-01
7.847405813362413607e-01
1.000000000000000000e+00
4.019340196555543643e-01
3.018478087202756122e-01
1.299474835344094359e-03
6.544641901647474391e-02
-8.212463972485859465e-01
2.603539204362169679e-01
6.380225684096386685e-01
9.099850072007580337e-01
3.024427074835552842e-01
-6.292569390900513149e-01
-7.874565746800556987e-01
8.382396219020529227e-01
1.315067344594512133e-01
-2.748232788149859163e-01
-5.524207408184584889e-01
-1.942491312879481846e-01
8.488452523703522434e-01
1.602576111441995632e-01
-8.250862484332954772e-01
-7.893437313373532493e-01
-4.448469101687640426e-01
-4.008995381151951309e-01
9.301314648029695986e-01
-1.298617973237349843e-01
9.506970515316145454e-01
4.299870303357139489e-01
7.476990645678172065e-01
-7.836235055861033860e-01
-7.855405874422300982e-01
-4.049128115807387740e-02
-5.772295137244221053e-02
5.060958668160483453e-01
1.356836144749775930e-01
-1.246628910525984513e-01
2.460292104428960513e-01
-1.000000000000000000e+00
-5.737531545869011262e-01
1.146743527979248306e-01
-2.680435559675495294e-01
2.301786866010637478e-01
-9.257308699023377718e-01
-5.651845407791792342e-01
-3.678063130527733371e-01
-2.342854980481219318e-01
1.420197671498082126e-01
2.203101287529879715e-01
-2.779085378906321346e-01
7.223405934975917209e-01
2.462706817150392968e-01
8.532813886423603611e-01
-6.141542362274665656e-01
-5.435396253519892973e-01
-9.316747901928910114e-01
-8.017911746136120454e-01
-2.422805635602597318e-01
3.226055671996357899e-01
4.158727373263647609e-01
-4.301329087931311523e-01
-2.636873492600447788e-01
8.995285030930455505e-01
6.940069890876356951e-01
4.216861581026886685e-01
1.778605349445373518e-01
-3.825185868103667675e-01
9.941597616003490234e-01
-5.683904460832004402e-01
-5.264688030300515020e-01
1.850612545020733357e-01
-7.811537358743954051e-01
-4.629640507077829592e-01
-3.721590134911023084e-01
3.967491217904225431e-01
-3.282884346431030886e-01
5.277906236279500396e-01
-8.144008976519302723e-02
6.433058501350332747e-01
7.592997023258053479e-01
-1.000000000000000000e+00
-4.912301717805389600e-02
-3.878916499033698839e-01
7.627923477429656707e-01
-6.074187735251690423e-01
5.594717520071689210e-01
6.790045003622097175e-01
8.379768725296776744e-02
2.937117825178011121e-01
-3.446464979107715099e-01
5.137926936015721480e-02
-1.932236735563687413e-01
-8.639736142289116128e-01
1.000000000000000000e+00
2.521012543865824851e-02
-4.988044673639576709e-01
9.678136207931805624e-01
-3.587629196212357985e-01
6.120308019639533192e-01
3.486528865859975235e-01
5.654109661349207006e-01
-6.360387592520970745e-01
5.515372241532133790e-01
7.068182657481518749e-01
4.537642491765384034e-01
7.331421800074449102e-01
9.572253038095394073e-01
3.550423909505736053e-01
6.519686781753866178e-01
-1.000000000000000000e+00
-3.780324162444061997e-01
-8.877114942537415176e-01
-1.918159692183164788e-01
-3.776623083778946621e-01
-4.598104199302118777e-01
5.823862022469989963e-01
6.479140212810968746e-01
-2.181561718822635498e-01
-1.222347824074093148e-01
-8.346804379312722233e-01
-1.424027868511774653e-01
5.308318614800175417e-02
-1.000000000000000000e+00
1.010027478020728009e-01
1.862622035096383744e-01
-3.238986656746058457e-01
-1.000000000000000000e+00
4.727676375718046775e-01
6.302335878099603050e-01
1.000000000000000000e+00
-3.234137321141091204e-01
-3.219090161166128228e-01
1.171691006071128027e-01
3.569082914517290317e-01
1.000000000000000000e+00
1.455127738890411027e-01
-2.102969810358276126e-01
-1.000000000000000000e+00
-8.553856590025896711e-01
-2.303912563472394481e-01
4.062733641785236660e-01
-1.890441363054612967e-01
5.184188657905188791e-01
-5.067944085773500307e-01
4.064999032193801765e-01
-8.460010566069322557e-01
-5.032697802320840186e-02
4.451870338560499629e-01
1.784461212680038544e-02
-3.196520107600609450e-01
-9.477283449532832860e-01
8.777652315779772563e-01
-3.264369471405187406e-02
-1.000000000000000000e+00
1.784995801200700560e-02
-8.173669126076775759e-01
4.184905800210505511e-01
1.000000000000000000e+00
-1.000000000000000000e+00
-4.580615258714715310e-01
-5.811580240527776109e-01
7.217444339827711053e-01
1.350236151985001465e-02
-4.652158394969699295e-02
-2.801855169388406952e-01
-2.709937938876178509e-01
-3.651427400341216156e-01
-8.211918458666955800e-01
-1.561211087647444706e-01
-6.204760841651092429e-01
-7.913125624056625840e-02
-5.196370399082733682e-01
-7.104566919338595188e-01
-1.793376323739815370e-01
-5.311800105087948198e-01
-7.310161723006468604e-01
-3.887731048025056535e-01
-7.572977461337873084e-01
1.000000000000000000e+00
1.371708696821660745e-02
-1.662092315292079125e-01
-1.451008684546197247e-01
8.964380214940023128e-01
-1.546045230515602498e-01
5.512246488134332489e-01
-3.465475710810145271e-01
-4.384334220724638298e-01
-6.154923811384587218e-01
-7.563319783151157827e-01
-3.686174077210715994e-01
4.646870586455710828e-01
4.462973187670625785e-01
-5.030056328566714363e-01
1.000000000000000000e+00
6.191686711796043907e-01
6.517049429097125923e-01
-7.620044535906076444e-01
-1.890738828964341200e-01
7.006009229507939029e-01
-3.282734574768171321e-01
-4.420366956186959628e-01
1.000000000000000000e+00
4.067786977670269088e-01
-3.127745507252557844e-01
5.196418535796971661e-01
2.940227481268731236e-01
4.046183633124303403e-01
3.254521680838041719e-01
8.969983501208046439e-01
-5.173626778459577968e-01
1.000000000000000000e+00
-4.332066051771030213e-01
9.654113584029917483e-01
-7.924485618052946601e-01
7.725001648629125084e-01
6.181517290062499281e-01
4.045679488799971413e-01
6.628621049676590715e-01
-2.347848961675644969e-02
5.130701269568838097e-01
4.058182546546881819e-01
8.037828020483801517e-01
-3.373593059718233977e-01
-3.865591381295949147e-01
