-3.878904953114897802e-01
-7.116336537792526951e-01
1.643165237198472572e-01
2.133710514894012200e-01
-3.919909335563150909e-01
4.198687948071010978e-01
5.065788922759991708e-01
3.016979255782533675e-01
2.557084791621566655e-01
1.717387532887767743e-01
4.039897308335205217e-01
4.377039767347528088e-01
5.505350285431214186e-01
-3.770277484097407927e-01
4.184310321627363605e-01
-5.693280698359068914e-01
4.476303823299569995e-01
-6.052882879475290911e-01
-1.657585145231232349e-01
6.315521449739999182e-01
-2.864695545225358353e-03
-5.489865405321197045e-01
3.354329365874865188e-01
2.534370102930780799e-01
1.000000000000000000e+00
6.747484971109323215e-01
-6.854864807913059188e-01
9.568796737857938606e-01
7.087865288641721495e-01
9.611969360573715537e-01
9.321933048399946853e-02
-8.270222163081109024e-01
5.601336233814786514e-01
-5.663272466300177665e-01
1.828336740667446392e-01
-1.000000000000000000e+00
1.882087094649412540e-01
1.000000000000000000e+00
7.405941013596126776e-01
-2.055130069980960206e-01
-8.970771162470789761e-01
1.249520110600293166e-01
4.097034615079568898e-01
3.100815805359146138e-01
-3.067005073367095602e-01
9.262025747354298844e-01
-6.778688372403943174e-02
-7.023916958099756247e-01
2.360334225493774252e-01
3.864210636122230036e-01
4.543437331932660972e-01
6.985011075166838168e-01
1.949869369066696279e-01
5.449192074266043240e-02
3.225323710996723658e-01
-6.563547407385947885e-01
-1.069205140513802658e-02
9.217010349718814943e-01
-1.842318615273040583e-01
-7.054746962192561810e-01
-9.081926436362031119e-02
-1.950915617703324889e-01
-3.376922551174480480e-01
5.052545808954732598e-01
8.324623783919840037e-01
4.460219582055112708e-01
2.284340949182195046e-01
3.822043042151502812e-01
-8.324430931722029969e-01
5.675999587358938198e-02
5.310350781582880986e-01
6.817824062212532454e-02
3.289887529190566040e-01
-3.813135438044446546e-01
-9.180235660133119202e-01
5.403205167612371573e-01
2.146658724161689957e-01
-8.206803607504917775e-01
7.865499093284409327e-01
-9.780443760001634734e-01
9.148248872264461706e-01
2.721921694108548340e-01
-8.195281023707332024e-02
6.278043917628858273e-01
6.475155124984927069e-01
4.574434450772655869e-01
7.407575427780165311e-01
-5.496985910916917656e-02
-9.587748869261253359e-03
2.377628453282261412e-01
-6.410793820221740713e-01
3.781933143009552079e-01
-5.851432879373026363e-01
8.552920647916770758e-01
4.135017375140658258e-01
-2.740882723020048040e-02
1.621757342895533693e-01
9.008817183152432184e-01
4.937560447444355738e-01
3.881974660911289843e-01
3.358582582318410670e-01
-1.030149835735020697e-01
-1.721533553227863056e-01
-1.019584365702902728e-01
5.952250204771064590e-01
7.468123468436852486e-01
-5.310160687052923878e-01
2.450181578214420119e-01
-7.221253354288592607e-01
-1.750340856559380320e-01
3.853833683292655632e-01
-5.486974095249950167e-01
7.847436450000154773e-01
-8.203925409445913530e-01
6.116164633074924195e-01
-2.646772136841755718e-01
-9.309359178755663988e-01
8.391859921496754859e-01
-7.901418879571927567e-01
6.813342572227515381e-01
-2.862870307454441765e-02
6.854289079065032375e-01
8.871041482298520631e-01
1.529635843833475617e-01
-9.107436213779832035e-02
1.587252659636081975e-01
-9.513036199163316109e-01
-2.449469649558846662e-01
5.212374855206823865e-01
7.574392950382370371e-01
-8.353540794909797285e-01
-1.745702578222275703e-01
-5.325513524598749493e-01
3.720556990944956510e-01
-1.000000000000000000e+00
1.000000000000000000e+00
-4.296109204394596426e-02
2.821445695815980037e-01
-5.741835292472998731e-01
5.834260036427435514e-01
-4.963162418590487679e-01
-3.629448673440313633e-01
3.131260233334923759e-01
6.119121317901146107e-01
-1.005193398617649780e-01
6.636828221243954440e-01
-1.457716647640428242e-01
3.363854028155908726e-01
-9.112902349184633932e-01
3.921410333670198589e-02
-5.271109722279099241e-01
-8.732502290731412875e-02
-9.717220291644921293e-01
7.691297454682124446e-01
9.202325443894970869e-01
6.884557087896231442e-03
4.973730290495963491e-01
-7.199519736460824326e-01
1.971799029318178076e-01
9.588851506940814229e-01
-9.643551594680357386e-01
-3.302658921813851900e-01
-1.321330489633429639e-01
-4.694458274529743347e-02
2.857876975668479647e-01
1.000000000000000000e+00
-6.871565682263995611e-02
1.066001792716598090e-01
5.974925028484081579e-01
-2.962184861177912243e-01
-7.399071602851160501e-01
8.780237945675696265e-01
2.644051237668526011e-01
7.305187025268986556e-01
-3.080245812482306778e-01
7.959801993664324948e-01
1.628669422389771859e-01
-4.391941902775703954e-01
-4.808792097663038279e-01
2.592133140301398631e-01
-6.314000449458408160e-02
2.116631557039785616e-01
7.352742906104409171e-03
-8.157823711569418546e-01
8.940287738074992330e-02
-6.982266584288592259e-01
3.870520866453113773e-01
-2.298048186280783334e-01
2.239195825677038343e-01
2.968409900877324037e-01
8.786288817980484334e-01
4.092956576117199874e-01
3.465045863456756026e-01
-5.763587709300439510e-01
-4.026531124103524539e-01
-8.659451460352018959e-01
6.699529432138432439e-01
6.780785826159725360e-01
2.463057289956752383e-01
-1.445358523232848635e-01
6.852320013680204269e-01
-8.517300617921419459e-02
1.822215313539791437e-01
1.779647872204410952e-01
-3.983098301501502014e-01
3.829685789012486907e-01
-5.025834652444384210e-01
-9.977450527586987361e-01
5.525812741525903959e-01
1.438745122750277605e-01
-4.807667301639594881e-01
-2.852454946129067137e-01
-1.302436606256059948e-01
-4.761688349560991296e-02
-5.844377392703834495e-01
3.741361063824484301e-01
7.245219760693540900e-01
-1.821454457663574111e-01
6.864204147352015450e-02
-8.647449696723592538e-01
9.591616695360654088e-01
5.001204190140003947e-01
2.698449491268747891e-01
5.351722184631121371e-01
-2.821778502062491367e-01
6.630575026020336660e-01
4.746341891260534851e-01
-3.969519046786084693e-01
3.595995407456603066e-01
3.327369775521796941e-02
-1.000000000000000000e+00
3.134913516333632799e-01
7.194760220560901809e-01
7.738301964260480004e-01
2.903501840165783610e-01
-8.414538293851441253e-01
5.103094778666259490e-01
9.606316062435342751e-01
9.433671962152390122e-01
1.689225587210637092e-01
-2.088942677223281918e-01
3.472029985226971482e-01
3.323789197591258127e-01
7.789020126550530998e-01
7.719511616340362092e-01
2.077913453855005366e-01
5.688192478236081540e-01
8.310060213406235130e-01
9.675873452384946560e-01
-2.068994895091068598e-01
5.568453202032700444e-01
-4.611235329241641923e-02
7.109392714510073263e-01
7.513844563395556397e-01
3.413199142048850554e-01
2.138108784620011693e-01
-4.555370992388011464e-01
-3.434422701384938770e-01
2.273853093363566724e-01
5.071199045019755269e-01
-2.092869487984754251e-01
3.506793141534824132e-01
7.785340385331493973e-01
2.124779882107807327e-01
7.120217760851360600e-01
