-6.521148470737233582e-01
8.805817453436601827e-01
7.302741273805901656e-01
3.390515972510476650e-01
4.966508272230074628e-02
-3.180389767201473039e-01
-7.368341669008748873e-01
2.143722217535443120e-01
-1.000000000000000000e+00
-1.647586166660083840e-01
3.698348233320909451e-01
-6.595268768996319642e-01
8.459692918482025759e-01
2.224957742964511209e-01
8.131057739662410633e-01
-3.389287992153623696e-02
-2.837082299338759134e-02
-7.582873459095579305e-01
-5.285120857290654950e-01
-8.850517262666175444e-01
5.212449168115137477e-01
7.277872616254692506e-01
8.342186871062787223e-02
3.326555052663499601e-01
4.731975581010937626e-01
5.314319368189335258e-01
1.083630496247265651e-01
-6.891031671129228542e-01
-6.654076391708392268e-01
1.744555695447017885e-01
3.853398653286932429e-02
4.116201297513666368e-02
1.966385965052067641e-01
-6.257080815180675604e-01
2.445716807901933132e-01
-6.034444531358414965e-01
-3.778167323278056600e-01
7.387840657742519856e-02
-3.030278520650853125e-01
1.492942337454732649e-01
-5.455836120171922987e-01
5.549771036877090280e-01
-8.375674329253042227e-01
-2.385384371978552520e-01
2.368571005671077367e-02
-1.439452292419355628e-01
-7.994512976823536787e-01
2.782581841867230454e-01
1.000000000000000000e+00
1.000000000000000000e+00
-8.633640057205498319e-01
-5.065912110017271042e-01
-4.275893702192031798e-01
5.406321736562096358e-01
-4.013181132641168158e-01
7.006875226869454520e-01
9.693241139149810781e-02
4.692996624791194726e-01
-5.594162597878147292e-01
-1.509127175156101119e-01
3.668478147493876018e-01
-4.485435457968217077e-01
-3.262343440064117694e-01
2.370256671167114693e-02
-8.804802142746802618e-01
-4.338442102994052307e-01
-9.407735584674057350e-01
-7.769460333747607583e-01
1.810448677598053835e-01
8.559253409422112879e-01
7.993020019624849093e-01
5.216207868465431163e-01
1.294002018568920498e-01
-5.214089788889991750e-01
5.845686620449666027e-01
-9.837348390933317588e-02
5.096689948717905150e-01
3.307404561818479971e-01
-9.889688670802539994e-01
2.755526159346441961e-01
-1.000000000000000000e+00
1.000000000000000000e+00
-6.135850226521397804e-02
9.714201545856507858e-01
1.000000000000000000e+00
-6.015104584265296150e-01
-6.866421144964467427e-01
1.159651102810608236e-01
-3.996663897766852130e-02
4.531340420645561529e-01
-4.617099498790959711e-01
6.082733379026429577e-02
1.000000000000000000e+00
-9.235282061074255866e-01
-2.925618501248720693e-01
-8.556155419113333771e-01
6.014120191833484119e-01
4.971604345545185821e-01
-3.294087051422030232e-02
-8.687862142352140715e-01
2.882330302943915123e-01
-5.359484850893256880e-01
1.137554090086849989e-01
3.000771885933324334e-01
6.301999653122171141e-01
-6.417726025426944148e-01
2.446394569826945697e-01
8.061658560306866894e-01
-8.918004259952729829e-01
-3.035633163758720832e-01
7.741229077566582628e-01
-5.366827087167660437e-01
-2.646075401530250670e-01
8.552183143156421030e-01
4.360162687051919450e-01
-8.683798560353561680e-02
7.594384729380387888e-01
7.651249798566085447e-01
5.684841083827607555e-01
-8.149332045410206948e-01
-1.856268775193598841e-01
8.518783545926887912e-01
3.894503852681405753e-01
7.113137931244275514e-01
1.152864414853663616e-01
2.200407113287930483e-01
-8.759763888987615044e-02
-5.356521084642366093e-01
1.000000000000000000e+00
1.617948265685823506e-01
5.927261532755543350e-01
2.980175978190302555e-01
-2.448605130376427241e-02
-1.000000000000000000e+00
4.887324430708147038e-01
7.142345570107064834e-01
4.105020612615805087e-01
8.096239919864983703e-02
-5.948940855118116655e-01
1.294033285617030016e-01
4.368338671027734432e-01
8.958249511833280554e-01
7.321204112032139721e-02
7.061441646909721870e-01
6.139133948346370273e-02
9.049023433401679473e-01
5.102889985638665860e-02
9.579636198178612116e-02
-5.917436013014842899e-01
-2.421875240801003581e-01
-7.302247282811151763e-01
-4.868149170009860582e-01
8.903918120090033028e-01
-9.563788424972261004e-02
2.710510098179951810e-01
-1.993105223849831742e-01
-9.844359517354300815e-02
-8.186703823666130475e-01
5.626765285332320232e-01
-1.700904193491486749e-01
2.425315348933158033e-01
2.011599388135612565e-01
4.107714777554222207e-01
-9.298442781096215581e-01
-7.337636087168499799e-01
-7.838057003254702559e-01
-9.382043169441097730e-01
4.523690054027010299e-01
-7.379281425377401948e-01
3.707693654322828380e-01
7.898766168347216565e-01
-6.146285093619865414e-01
-5.796469297670737708e-01
2.858558371680538501e-01
-6.819702215243871324e-01
-5.308870244318227849e-01
1.880752269685795064e-01
-8.822920692645646046e-01
4.235474839545173148e-02
-6.730584766908231931e-01
-2.045312762595852540e-01
-9.505538824842760803e-01
7.177582893378322559e-01
6.019867601671939905e-01
-7.314155360637786263e-01
6.616421611277925052e-01
-2.274301556348912179e-02
3.979531799516589641e-01
-5.438540060962928635e-01
-8.941887967179920071e-01
1.310581671801051562e-01
-2.676031261659321259e-01
-1.540799177759065441e-01
-8.082107340107538840e-02
8.278540032287410311e-01
-7.898113789334101353e-01
1.278538106989593470e-03
-6.662889788446445527e-01
4.284958828261326569e-01
-1.900506873854974632e-01
9.679906737264405425e-01
-2.488406398383590512e-01
-6.663701640154363615e-01
2.505257466504977049e-01
3.379402174045784690e-01
-6.400067138508568343e-01
-9.801389078719990877e-01
-9.181626353476859403e-01
-4.806785658001678785e-01
-1.000000000000000000e+00
3.533435615073063918e-01
8.300874056933151834e-01
-1.097744804295075760e-01
7.660400087593500773e-01
5.031026306153301153e-01
-1.000000000000000000e+00
-6.344213950761523613e-01
-1.000000000000000000e+00
8.033918718991186481e-01
-8.239878809248625258e-01
1.551999653798407375e-01
-6.835416951678680020e-01
4.320954394446773206e-01
5.399934008364980498e-01
7.626470321011078468e-01
2.649478413007665401e-01
-7.844766671330890562e-01
-5.142934967452882089e-02
8.724702445649155091e-01
3.704899090808311257e-01
-7.386810623068762460e-01
7.087263625454738314e-01
1.523749298459994017e-01
1.024446075556331714e-02
-7.996597156775945292e-01
-8.452328293970245987e-05
5.007574174205897677e-01
8.486222811082222428e-01
2.160983900029410099e-01
7.315815841205963732e-01
1.000000000000000000e+00
2.252196904038113456e-01
-4.874199516328869275e-01
4.371387063997438926e-01
4.210430055256291770e-01
-7.978751424744930931e-01
3.688323940783147514e-01
-7.638458166943677963e-01
-3.343562210371909260e-01
5.625302959690355875e-01
4.593539859800311320e-01
3.724000800587419224e-01
7.101340331435089803e-01
-1.596015169029555147e-01
4.183750601341308384e-01
3.012079562777842945e-01
-1.764742054553818384e-01
6.111261863637738045e-01
2.515193562047460252e-01
2.285978653484284917e-01
6.967991189576122624e-02
-1.546648501307922030e-01
5.060942216297195095e-01
-2.727255943724192777e-01
-8.613977648435989787e-01
