7.699726715561944212e-01
-5.825960490464079933e-02
2.467173072109131726e-01
8.994942940152097499e-01
8.432976398312999056e-01
-1.000000000000000000e+00
8.548874726593582718e-01
-8.584901144683387830e-01
-7.432849428274591608e-01
-8.707120244219159755e-01
-4.177284768676718385e-01
5.167843609257802839e-01
5.071503042519381887e-01
-6.864847664562619967e-01
1.830303119253451349e-01
-8.113824927545459920e-01
1.894774457269978452e-01
1.000000000000000000e+00
6.445348925804872398e-02
3.314006481396375992e-01
-6.513559881292473319e-01
-7.987223389423279141e-01
5.323414257003265815e-02
-7.278111734620140716e-01
-8.279450728957189476e-01
5.422947171966586710e-01
-1.142027342001956589e-03
4.639844869060922861e-01
8.072509895968977833e-01
-9.361998051232967022e-01
3.252944747931495184e-02
4.885400291261232097e-01
2.359816424666313917e-01
5.145006131824139128e-01
-5.855197445171987924e-01
-6.760951012637179680e-01
6.562111054066945837e-01
-7.607581713381875721e-01
6.001945844576616063e-01
8.592489755642114257e-01
-1.994347688278401420e-01
4.988480778642298552e-01
-8.329774915673603397e-01
6.809237621068041646e-01
4.778175332165229827e-01
8.406353100503553000e-01
1.000000000000000000e+00
1.976755752143167233e-01
-4.495157024046610994e-01
5.613248163548612002e-01
5.275540430671412651e-01
-4.082336527372041335e-01
-9.869419718530160202e-01
-1.668814009640589568e-01
5.895762798173083130e-01
-2.218504462194950677e-02
-5.964927213547435159e-01
-8.471549939773868054e-01
-9.099614150190875328e-02
-2.337437332331679940e-01
-1.562277124146853324e-03
-8.183348693110147343e-01
-8.608508776450742861e-01
2.602913732849023720e-01
-6.970427720388365778e-01
3.763490603182645389e-01
-6.290647709701733259e-01
7.875959094799822591e-01
6.229691416474194554e-01
-6.135278637027035131e-01
-9.586969675851038097e-01
6.512424214244101339e-01
4.120345848842230096e-01
-9.631601661894265698e-01
-1.767272715752814249e-01
7.187235269586580433e-01
-5.595414739055840636e-01
1.081209012726224716e-01
-8.349673508627958318e-01
-1.000000000000000000e+00
4.061885039494075311e-01
-3.600107096499530202e-01
4.442818721979674979e-01
9.805847838855389353e-01
-6.222418717939066646e-01
8.704534847017620924e-01
9.362352638172354302e-01
5.277625049535817903e-01
7.748112425649065216e-01
-1.000000000000000000e+00
4.662392933693443320e-01
8.517898333696153346e-01
1.000000000000000000e+00
3.694347264935000097e-01
8.347388506181486756e-01
3.873569113029082800e-01
7.924519054507922489e-01
-1.568859466093209531e-01
-9.362319253563976540e-01
-8.280555043113848601e-01
-4.874275097641016519e-01
1.000000000000000000e+00
-1.823464087819578472e-01
-4.263041010698880723e-02
-1.397974065041463765e-01
-6.064205891112133262e-01
-4.506370280062313993e-01
-6.216903164917223501e-01
5.788567018683982157e-01
-7.760464955851741342e-01
1.939706541187068145e-01
-5.403166392465685863e-01
-7.957457571258288453e-01
7.145369979362188317e-01
-2.692722854826580525e-02
3.054411410958156325e-02
3.264563905887766238e-01
-8.805502816084369300e-02
4.305510629905063835e-01
2.572702226999867836e-01
-3.640888803917513572e-01
-5.044407861303938923e-01
4.483513722583662986e-01
9.460778096480668697e-01
1.000000000000000000e+00
1.000000000000000000e+00
-2.790629705391767801e-01
2.455652790948055220e-01
8.473893889446865169e-01
-1.398723256221773015e-01
5.851980095401361215e-01
2.892800960229883755e-01
9.074982402244788360e-02
-5.773419554466634185e-02
1.680319972327539990e-01
-7.794057077791012311e-01
-2.310944916671059945e-01
8.653897560057037808e-01
8.152220696058103400e-01
-2.919488001993486015e-01
-8.289881186930408985e-01
-8.374378821003451989e-01
-9.566885192757940137e-02
-1.051090965107535358e-01
1.518069821535478481e-01
7.558513700589248874e-01
6.688245121633504819e-01
-6.842181805038950460e-01
4.848735157682487196e-01
9.775349665692414369e-01
1.000000000000000000e+00
5.736838311331703411e-01
-5.355624779482751063e-02
5.863179911624619711e-01
2.359453399500675008e-01
-9.939896480307884585e-02
9.829075379672435053e-01
4.075528698316523979e-01
1.000000000000000000e+00
3.459513068006376812e-01
-4.862573238708310930e-01
-6.698041239753249609e-01
-1.425211043423692814e-01
-6.497805768751468980e-01
-7.561587454056761803e-02
9.593561976760363041e-01
5.844097051269681042e-01
1.175570121860615852e-01
4.748320986836355173e-01
7.282191457935481838e-01
7.244793334682457786e-01
-7.784683069494081203e-03
5.818420366363603602e-01
9.632817764238024161e-01
1.363635212236408156e-01
-8.696397960537469718e-01
-6.441831302665086412e-01
3.058057035811049262e-01
-1.000000000000000000e+00
-5.853262622881806321e-01
-1.000000000000000000e+00
-3.297202044338129467e-01
8.986139397634810289e-01
9.535965710590711408e-01
3.201071315116881810e-01
-8.039174992172490319e-02
-1.000000000000000000e+00
-7.074717970308607162e-01
-6.134407643960650969e-01
8.938388557814431756e-01
3.209515761680418189e-01
-7.545985279961638925e-01
3.024556853208011931e-01
8.806931751819758736e-01
8.695753118090826517e-01
4.844248136033850738e-01
-4.549161075352914363e-01
4.490353170230498292e-01
-6.941014180284586776e-02
-2.980834001816260459e-01
3.406225973088684578e-01
1.000000000000000000e+00
-3.750875916811817756e-01
-1.000000000000000000e+00
9.012724485583425427e-01
7.143898448962154868e-01
9.137832507259130432e-01
8.255433722176840350e-01
2.041842813793022793e-01
-1.468061796889811310e-01
-6.077003328352800215e-01
3.360604694637557843e-01
8.627191654207124749e-01
9.445776710931681475e-01
8.613804352823620780e-01
7.457536328777411017e-01
3.921101440951484940e-01
3.988102536276231236e-01
-3.401432123307879807e-01
-5.464991742691465149e-01
8.665422337742249015e-01
6.085123468748644404e-01
-8.668420203064202134e-01
6.692119208787819518e-02
3.543092890387706390e-02
2.142575392839166648e-01
-7.091336982891852103e-02
1.000000000000000000e+00
3.202134411373065981e-01
1.162890748757245685e-01
3.931141692033962576e-01
9.253958670935418240e-01
4.370720311739785813e-01
-1.404992794232115538e-01
1.154359962403264384e-01
5.116480624485275630e-01
-4.446457336880513811e-01
9.992602641365918581e-01
5.187890613854579946e-01
-1.000000000000000000e+00
5.026077260684177483e-01
4.239577060681716247e-01
-1.641309074629684339e-01
4.514677753786038306e-01
4.449117679161410099e-01
-1.000000000000000000e+00
2.954830799285986243e-01
-4.979850883301530917e-01
-1.093232071388067356e-01
3.508211253712064659e-01
-5.760526382134892875e-01
4.344301476368427339e-01
-4.987669450103480173e-01
8.437164028147967065e-04
9.153946919980273655e-01
-9.403189600479124888e-01
1.427355138343051888e-01
4.073650712203619739e-01
-7.207291475567545458e-01
2.591292486449450760e-01
8.817980505748980180e-01
-8.628949377825937406e-01
9.060616018163911156e-02
-1.753729801460521820e-01
2.980082401341385134e-01
