-5.328851534418069802e-01
9.769393428136277091e-01
8.043501673909989047e-02
-4.420197167669716598e-01
1.694720949044269676e-01
-5.690013929671452336e-02
3.945236337547650129e-01
8.432437577533600237e-01
-8.347211002192964635e-01
7.182229615306443549e-01
-7.850474342500404212e-01
-5.143194730332705245e-01
2.781328175410139880e-01
9.703150453997737290e-02
-1.354792340798169348e-02
-5.176634426613120343e-01
-9.250609289959960124e-02
2.155926683568357149e-01
1.325034674497407305e-01
4.930216100326494377e-01
-4.265605496643827266e-01
1.000000000000000000e+00
5.173272409673459471e-01
-6.449781909708656169e-01
-8.919808282941842359e-01
-2.791176572055553695e-01
1.000000000000000000e+00
-9.389925424606948567e-01
-9.934177571380875538e-01
-1.677259809003901481e-01
1.790468006403779788e-01
-1.441365448399082594e-01
4.836057002541278571e-01
-5.174249788639991854e-01
7.363807829686134232e-01
-1.000000000000000000e+00
8.763928051129611374e-01
8.314338007872548175e-01
9.180599833546141397e-01
3.475890556389952257e-01
6.935626685423630367e-01
8.634354953029391710e-01
6.091138557250964647e-01
7.604924504505530258e-01
-3.255819593623525687e-01
-2.953546744816746839e-01
-5.543063736661471008e-01
-7.367111859211882274e-01
4.462980933952701568e-01
2.397421363141339079e-01
-2.134025673809570867e-01
9.559214669178710544e-01
8.119717200577110106e-01
4.995566520881379868e-01
8.581974474640723383e-01
5.775593765707400795e-01
-1.124081762621980396e-01
8.118577204113082146e-01
-1.179356143915897270e-01
3.557647615152939591e-01
1.650283990687080038e-01
3.759106453387504043e-01
-1.836243633680488818e-01
-9.072051849367990251e-01
3.584613810252305216e-02
-1.155639082684412899e-01
6.322946676849259262e-01
-4.156967549535388051e-01
8.330743162743098340e-03
1.000000000000000000e+00
2.887892003519919593e-01
5.177724356666549843e-01
7.590096756244174570e-01
5.377181740091374618e-01
8.695886835854321761e-01
1.479633742635465543e-01
-3.347783836136746793e-01
4.037227040795628163e-02
-7.934870356990857132e-02
-9.241538202155438197e-01
4.046812002825769250e-01
-1.186490300415508625e-01
5.289738162492620965e-01
-4.172079812644563512e-01
-3.256566528509463043e-01
-3.088020048824086650e-01
-2.150418826243760961e-01
-8.404108253970513642e-01
-9.699463319316239396e-01
-6.859349607975320229e-01
-9.948009877013572200e-02
1.163229604712498477e-01
2.622049929304881011e-01
-4.271724207335502177e-01
9.411061860953764402e-01
-8.945958532324709278e-01
-3.401254629351354586e-01
5.060723174633978694e-01
-2.762857204726066884e-01
-2.685779562791692499e-01
-4.738472428672965142e-01
5.072706008933312027e-01
-6.451438122127808317e-01
-9.397010239882513938e-01
-2.297442038632314942e-02
-9.384533739490132920e-01
-3.523651074449845044e-01
-1.498531810946853726e-01
3.887471641356948227e-01
-9.079624106297493613e-01
6.680770892380907822e-03
4.611315888472103386e-02
9.529006562994175589e-01
5.197263670914173961e-01
-7.698328567480748619e-02
-4.397981708494622111e-01
2.006639571189350324e-01
-2.020605709643992151e-02
-8.879246439371187849e-01
-7.446126244030755181e-01
-3.398078606658520018e-01
5.009957503288258174e-01
4.164786770421038953e-01
-4.945919893445496207e-01
3.587603335037091723e-01
5.744266434283924472e-01
-2.579570864317977663e-01
-2.823858830976272438e-01
-8.518467995499319212e-01
2.823818014436249579e-01
3.028380089547377807e-01
2.035003414027877766e-02
1.098083658434081122e-01
-1.104286078964881734e-01
2.942304188387809272e-02
-6.519990452114958757e-01
-8.316703578542049557e-01
9.969555061295641563e-02
8.267994731601877589e-01
-5.207377062375150301e-01
6.481589204141364746e-01
9.620335848217583807e-01
-1.450605511204456077e-01
-4.499787850999557026e-01
5.541989829686367885e-01
-1.994274290965785956e-01
5.694075358946051324e-01
1.209908137404886036e-01
1.000000000000000000e+00
5.822260673395694974e-01
-5.668823324755074555e-01
5.352882276317679766e-01
7.929542272899064992e-01
4.093050215975230777e-01
-2.974502266587523980e-02
-7.549966371753067396e-01
-8.416549762141550817e-01
-1.671027709289179403e-02
2.023347957700558364e-01
-1.475194401985539527e-01
5.326167654631640547e-01
5.582071271111581634e-01
3.298189100925501549e-01
7.316657408055773359e-01
-5.320074193035969623e-01
-9.586972703189018397e-01
-1.079756598378322358e-02
-5.658747103761766484e-01
-2.188076886864313009e-01
-4.225085627782313447e-01
5.699273704438194699e-01
-9.266524573874834747e-01
-7.342096004402099974e-01
4.347571605376241433e-01
1.489299459249989188e-01
4.850272076540604882e-01
-4.159881740527992533e-01
-4.632989258827015511e-01
-2.405286035423900293e-01
7.920845898282358188e-01
-4.727604298981647468e-01
-6.427578994351991482e-02
8.949761289668868303e-01
-6.514812464422500282e-01
-8.470969064002915605e-01
6.142910961847891649e-01
-6.705328210402269340e-01
3.533783013337785800e-02
2.897487921802740507e-01
-8.700014902564764396e-01
3.266136203193614751e-01
-4.571439525309284324e-01
-8.548685712738344211e-01
3.851537000689817525e-01
7.759790476811634363e-01
-1.512599161841910178e-01
-6.354846722535152648e-02
6.786538400356426082e-02
-7.960646597005158753e-01
1.000000000000000000e+00
9.281855725878912500e-02
-3.313351018297109873e-01
-8.617050787023374792e-01
-4.122637407789343511e-01
4.140917149019827104e-01
7.723449861875941735e-02
-2.857185854928708801e-01
-1.000000000000000000e+00
-4.459309297352096468e-01
1.000000000000000000e+00
-7.135868791290871371e-01
-5.003225396580548434e-01
-1.409748013487700791e-01
5.450633324848118688e-01
8.792003073312527617e-01
4.111259487597061779e-02
6.508343808135389486e-01
-5.572459626838763280e-02
-4.745219523267042994e-01
6.194324902285850420e-01
-4.020767518473757907e-01
7.553547857288219758e-01
-2.508642478470911041e-01
3.946882717689563780e-01
5.890541496335175431e-01
-2.361739725874462681e-01
7.489660411148351127e-01
8.879219529679901468e-01
2.391133614550118303e-01
5.884684566593962884e-01
1.853289293828375706e-01
-8.884333374999354715e-01
6.581122618197220442e-01
3.623697029993350194e-01
5.523673578356032010e-01
-9.702953522608476211e-01
-1.963359646264585257e-01
-4.485182908045314276e-01
7.442035896202220391e-01
8.832717201768779391e-01
9.301107921554869762e-01
-6.525151654910960053e-01
-7.758079960460040336e-01
7.189881648048586094e-01
1.356001331044486002e-01
-1.000000000000000000e+00
-2.818640443871680556e-01
-5.459710850893197964e-01
-2.488714758629359813e-01
4.195226079165237931e-01
4.176548083449131699e-02
-7.898450915594239508e-01
3.626797149034297618e-01
-7.920772298161619096e-01
5.631073526450323108e-01
6.578361069216782653e-01
-8.969052907287826670e-01
-3.726377290613772653e-01
4.187610127961132744e-01
-9.171185903467918843e-01
6.124265969555339750e-02
-8.225419487103150518e-01
4.198180070471022596e-01
3.627987475963485586e-01
4.794778747455110124e-01
