-2.701769894286565332e-01
-6.941636815522236326e-01
-7.962648921163834048e-01
-5.032437091673350738e-01
-2.049216346144992207e-01
4.827476973070249366e-02
8.762680119353465358e-01
-1.567213545653522999e-01
-9.565070915215799774e-01
-3.452961489336190959e-01
8.918476401066940396e-01
-2.837694273246269550e-01
3.896085594281617492e-01
-7.650957609647885960e-01
-1.000000000000000000e+00
-3.830449192616586229e-01
-7.007106409135701597e-01
1.759657597655224781e-01
-5.144278907186066174e-01
-1.531520856137684738e-01
6.699843422691572625e-01
-7.714042032624016665e-01
4.508336458466583041e-01
-6.575992662327191374e-01
1.440197776222268133e-01
-1.329476181672678003e-01
-8.609451868454981449e-02
-1.000000000000000000e+00
7.420068674851021395e-01
9.805639908649844694e-01
-6.382781546005242834e-01
1.000000000000000000e+00
-1.497171807922207942e-01
-7.460783821347021227e-01
-6.624536948325393526e-01
3.681527352211812487e-01
9.531334465178754600e-01
-3.015114526027745656e-01
9.448264797862808706e-01
-8.255464188598859998e-01
-5.456255305757016227e-01
-5.396219416871507191e-01
1.000000000000000000e+00
-5.869562962379687443e-02
1.000000000000000000e+00
6.299976159761738748e-02
-6.498609752192145983e-01
-1.000000000000000000e+00
1.478547068513299256e-01
-9.760873949628601220e-02
4.713742800218270745e-01
5.862937391755868033e-01
-4.426623735589415576e-01
-3.047186537467269640e-01
-4.599546954039339663e-01
6.554796440590643369e-01
-4.232892324652086646e-01
4.616367068088738645e-01
-8.179492644565113935e-01
-5.068040098618001865e-01
-1.000000000000000000e+00
1.234939029803794053e-01
4.573888443214844113e-01
-3.826157760770814154e-01
3.764852644257231096e-01
4.260952476682797752e-01
-9.214743343726947145e-02
5.941591720244325803e-01
9.523295845103441071e-01
3.890165931448312242e-01
2.748828549654879216e-01
-9.766713076735167309e-01
-4.275545403161151170e-01
-3.945127148864948502e-02
9.058864399231478792e-01
7.954170942354827911e-01
-7.790269490637213856e-03
-6.417336130515732817e-01
2.845709109265860404e-01
3.913302499136867008e-02
-3.751244671237546902e-01
-4.490276401633853109e-01
3.901362712042470982e-01
1.920095493475111048e-01
-6.150574350840246618e-01
-8.807609434218294231e-01
7.308842942609911075e-01
-3.931896205912475128e-01
2.802121137866947498e-01
-3.424642969186564301e-01
-2.908051620399678128e-01
8.910083400171195933e-01
7.194470790637065294e-01
3.217317285646048575e-01
5.610027207750085676e-01
-2.408945799420296185e-01
7.412650869115727792e-01
5.111578014353150845e-01
-6.301421082578895216e-01
-1.288972231206191310e-01
8.166642936517797269e-01
-1.527556296411789749e-01
-3.912095481632142380e-01
-2.927895783510791605e-01
1.227475918289714918e-01
-3.333291765987558275e-01
4.970882244734025068e-01
1.000000000000000000e+00
4.790163003774137729e-01
-5.593632963752811493e-01
2.406906526107540356e-01
5.452984313408989481e-01
2.239291150468459557e-01
-3.412214605807609158e-01
-5.408573120564724723e-01
-9.842738014914351186e-02
3.610695395006621178e-01
-9.992483234469448083e-01
-6.414864310942323122e-01
-6.893883520276853361e-01
-4.223663463447117072e-01
-1.764214706353246787e-01
-4.207744965964437811e-01
-1.000000000000000000e+00
7.975353082388338954e-01
-9.359879738800190863e-01
3.752106501727249521e-02
-1.732610232625940716e-01
3.264553778893507230e-02
4.340289124834895707e-01
7.457677588903952604e-01
-5.386660718031630601e-01
9.316423901838940536e-01
4.903419658904945022e-01
-2.703704742692289997e-01
-3.774911339136592936e-01
1.990696665590638847e-01
-3.508513502108706605e-01
9.756820630171761932e-01
1.015919629373965849e-01
-4.640855365129706867e-01
-5.030273247244372303e-01
2.609974307013490646e-02
1.000000000000000000e+00
1.000000000000000000e+00
-3.864364370044687802e-01
8.468824320649662729e-01
-5.796997350444244024e-01
-9.510619118403171313e-02
3.783713378323630971e-01
7.290752814055224684e-01
-7.385101695682996237e-01
-5.808026070855884515e-02
5.245516178010803943e-01
7.598982957716227116e-01
-4.711234875638304342e-01
-9.277734891211339985e-01
-1.280507062300220156e-01
-6.260051617936528423e-01
1.000000000000000000e+00
-9.181569651039049873e-01
-6.309992629088538862e-01
-7.121166811103497585e-01
-5.294377497393237819e-01
9.291434429544631612e-01
2.854657936705691235e-01
8.486282173025802011e-01
6.188285335440355528e-01
-5.543004182024711124e-01
-3.394430894216610844e-04
7.716805006538443035e-01
1.061684787706932698e-01
2.585650612056831776e-01
-6.498592012290145270e-01
1.000000000000000000e+00
-5.173013724117228596e-02
4.167899971316790242e-01
-5.462725028369307401e-01
-3.170424871853192994e-01
-6.405392510969526443e-01
8.260986317650526045e-01
3.865744101282088119e-01
-1.180064793546030111e-01
-1.000000000000000000e+00
9.724167870491989829e-01
-7.627861910370761223e-01
7.896501206498458547e-01
-7.255676690704909726e-01
-5.499046951356503232e-01
-9.315709930809897843e-01
5.319067641932142543e-01
-5.659517388198641585e-01
-6.269706196330799841e-01
-7.347574820207380952e-01
6.207296407350605394e-01
7.829864077970166703e-01
1.746362496002387688e-01
-6.611917869381527257e-01
-9.764446475398385061e-01
-5.429576418234051127e-01
7.840660438347352157e-01
-1.137363151311396037e-01
9.238563508074538744e-01
3.209790325935613087e-01
-8.676727443815464014e-01
5.730249225871875129e-01
9.097946361833283979e-02
8.299066239252710364e-01
4.431088863230741026e-01
-2.701502224751683445e-01
1.207374231820196875e-01
6.950750802989065225e-01
5.291193734077080935e-01
-6.046722492673143323e-01
1.702864789633945497e-01
6.053258425529092213e-01
-6.452077268427044432e-01
1.090554408585446833e-01
-6.742383000921789438e-02
3.581573658935133797e-01
1.701080059188246896e-01
-9.785751681294280191e-01
9.274853007138553207e-02
9.500080032657031159e-01
-5.007204952708469436e-01
-8.252115695701511822e-01
-3.890946236908293110e-01
5.168066604397244523e-01
3.763448351819994597e-01
3.969576720981187745e-01
5.856281171934908381e-01
-4.234491780226975477e-01
3.275686073781483576e-01
-7.438556653106138672e-01
1.019554146720443311e-01
-1.000000000000000000e+00
-7.522756979641090358e-02
2.294563240706537499e-03
9.532125684252981124e-01
1.000000000000000000e+00
1.000000000000000000e+00
6.878251954401601309e-02
-4.171002313034577469e-01
8.379467630665340949e-02
1.878972082924698084e-01
-1.201115715380680626e-01
9.715116404869853506e-01
-5.593457460679118753e-01
2.546566792454508787e-01
-1.463189445010705803e-01
9.262151410092132886e-02
-9.218593031134779681e-01
3.181025179009324549e-02
-1.712832565520614192e-01
-1.860438710567212106e-01
1.598820742808883810e-01
-5.866632508009562708e-01
6.842305137088957601e-01
2.849612105559904407e-01
-5.787994167741352669e-01
2.684150369722548279e-01
1.757060419059576217e-01
-7.783754250275491948e-01
8.343003680725483706e-01
9.581424093872056846e-02
