-1.000000000000000000e+00
7.662015675247558777e-01
2.919932624642507246e-01
1.134893380498121773e-01
-3.875473621772527744e-01
-6.999307392295344155e-01
3.622979609429873293e-01
6.539110127908209780e-01
1.287199307843767127e-02
9.177131837187004759e-01
-5.222312147490342227e-01
-1.722250413753456943e-01
-9.822095193053271833e-01
1.791097096543968759e-01
4.558598867834039448e-01
8.500766584009991078e-01
-1.197651213084307276e-01
6.364902471140686524e-01
-8.237066900422473914e-01
-4.628938987356457369e-01
-5.109313263423924667e-01
-1.882709828337085153e-02
-5.642293893369886293e-01
-4.838580702231264352e-01
-6.244954768494570541e-03
-3.774710466252048646e-01
-7.413063672640896051e-02
-1.502195863629179895e-01
-6.296669704908921528e-01
6.116475283691040765e-01
6.373297113654367019e-01
9.627139063487333281e-01
-7.981360598579320120e-01
8.783236186593103012e-01
1.215316961381457395e-01
-2.079133958662882919e-01
-6.259354433826986863e-01
-7.685253895696840531e-02
9.357011016394832792e-01
6.471881586772968431e-01
-8.120306443590081802e-01
-6.265376052199735923e-01
1.404314105306471161e-01
9.804405730167160549e-01
-8.899820732908823029e-01
3.758116850244835883e-02
9.177870800610202773e-01
-8.651401375563695373e-01
-4.449382445709779699e-01
1.510906663771870440e-01
-9.947195687983918511e-01
-5.860493370838033844e-02
1.000000000000000000e+00
2.770484560854268308e-01
1.280645882037651506e-01
-2.025422735373581251e-01
7.427443727293154829e-01
6.709946864353218965e-01
-6.432733920457254229e-01
4.445787627593334457e-01
2.681042738336391063e-01
-2.661655464060602161e-01
8.255506733856474710e-01
9.297356050196996513e-01
-6.196366194309025355e-01
-5.901396501537247152e-01
-2.293163601009339247e-01
3.248582071845146912e-01
-1.349126067737280998e-01
-8.796426921431576007e-01
3.727538241536223484e-01
6.375326310091509185e-01
-4.156875370198678116e-02
3.831543624008933446e-01
3.935299900109658910e-01
-9.151121128752158496e-02
7.928150524759378648e-01
-4.444413591448700962e-01
3.941617301874099089e-01
5.503265733983407904e-01
4.936806432579693982e-01
2.208593639554154442e-01
-1.683229588370258323e-01
-9.670760181213794437e-01
4.783999814633651537e-01
6.687302050438864720e-01
3.763877023547971823e-01
-8.692987886768351879e-01
9.432219963548353903e-01
4.473917368174573639e-02
-5.051421286423496415e-01
4.971812909346580711e-01
-7.197467134560194824e-01
3.443078663574917764e-01
-3.645587302837581811e-01
9.665807661494565384e-01
2.705838877862827285e-01
3.421406053649845846e-01
-1.819587859621435433e-01
2.969592401355981570e-01
-1.068474952986130377e-01
5.112539269485975035e-01
1.937504488493589083e-01
2.898236033343754570e-01
5.495581395344620868e-01
2.396217190975584166e-01
1.786295823186175302e-01
-1.878276979601876950e-01
-4.107037878229109484e-01
7.299366066658573571e-01
3.015525632945756374e-01
-8.773468784804825393e-01
-6.658784976204795703e-01
-3.867593908012639109e-02
9.256560897363660390e-01
-6.627129079741858053e-01
-4.032432910353129230e-01
-1.752134486631144739e-01
-2.144872973891892853e-01
-3.196533258468541722e-02
-2.913659172275765430e-01
-9.106795120335241522e-01
-6.912476653875496702e-01
-3.843137986291692010e-01
3.591400228451562815e-01
1.509010291379290214e-01
1.000000000000000000e+00
5.828367262966749340e-01
-5.331849122431203680e-01
-7.739841399399044475e-01
5.606806869626221879e-01
9.389080769213742350e-01
-7.920035185740190720e-01
-1.626645490736549626e-01
5.998833185376566124e-02
-4.389966625223315488e-01
-2.249425932447876031e-01
-9.853041590673351502e-01
1.835327400000291431e-01
-8.092074665311990156e-01
-7.636126432380851980e-01
-5.171707678324906077e-01
5.984526194607054927e-01
7.677603291931311968e-01
9.285643981561105820e-01
3.309728120376646543e-01
-2.035375214943671573e-01
8.879429608317302991e-01
5.438686424154246524e-01
-5.019663807001858435e-01
9.562799544843941790e-01
5.303365052179273911e-03
-1.268744549114776687e-01
1.000000000000000000e+00
-1.597174894266767953e-01
-2.914856916408108956e-01
5.760963006483376114e-01
-1.460837792944814362e-01
4.767153583248610049e-01
-9.996142683777839988e-01
7.328758512238576772e-01
5.505082819106037473e-01
-2.057236322654641958e-01
1.131179541002886035e-01
-6.814163078790850259e-01
3.472064913906905415e-02
-2.164733665200200274e-01
-1.000000000000000000e+00
-5.347896974001959958e-01
6.154760762147166719e-01
2.495209552759331539e-01
1.057490540194755552e-01
1.000000000000000000e+00
1.124273135200814788e-01
-4.794036367341361626e-01
7.396065378389695688e-01
-9.320409339606063881e-01
-9.179267638397785589e-01
6.959276078208913308e-02
-4.392312067452240898e-01
1.867920578923210895e-01
-4.695310628760676619e-01
1.000000000000000000e+00
-1.033644185976331786e-01
-5.774173062486229746e-01
-6.590591225017905508e-01
-5.427073343989504695e-01
-1.000000000000000000e+00
6.511359043484632458e-01
-7.792102874196147333e-01
-3.402972096170887029e-01
1.000000000000000000e+00
-2.445402693264661642e-02
-1.795113159114585244e-01
1.634282244197138578e-01
-1.801551265975426808e-01
-5.124440156227269560e-02
7.350469554225149693e-01
6.439041054616945203e-01
2.328163516497736008e-01
1.832177100818872806e-01
4.072888655093254151e-03
-8.557346809781489760e-01
-3.751681715493915270e-01
-3.590012890841479676e-01
-8.432232926544847018e-01
-2.817219270579500445e-02
7.600189098793717069e-01
1.000000000000000000e+00
-1.000000000000000000e+00
-2.608072984496661584e-01
2.679284825541277670e-01
4.278054660893557681e-01
-7.803052667949488264e-01
7.251514608929447991e-01
-5.998387867605714519e-01
4.355037516406585762e-01
2.675048722196675111e-01
6.439948640408410530e-01
7.876571555322660068e-01
-7.457596518866953517e-01
9.238882280632528810e-01
4.515661245969604387e-01
6.698948808764942919e-01
2.431201147829840647e-01
4.147360744759737150e-01
4.065000385089912460e-01
1.154690153040572737e-01
-1.997814882620171373e-01
2.367822150549561688e-01
-1.555149388337928595e-01
-3.694271141673602932e-01
7.881574742639548825e-01
2.537833365774844752e-01
4.264168259485338064e-01
4.925083309690740929e-01
-3.587788352995571750e-01
-4.776817525434074452e-01
4.728065716219573833e-01
5.713165081322751915e-01
-2.640114977053766854e-01
1.811548158855555424e-01
-2.161872438594669710e-01
3.850083475926590060e-01
-3.013186445831991245e-01
-5.478990269032766314e-01
-9.547904566487395162e-01
5.888412716990407691e-01
6.480526902434385894e-01
2.194264015030082671e-01
-1.431920983818761872e-01
-6.198713348157586234e-01
-6.772760521811126422e-01
5.878674371602614634e-01
-8.480605828817193714e-01
2.218007680883612442e-01
6.928446679653725848e-01
1.774671140526938584e-01
7.801633398524827623e-01
-8.850123521274863014e-01
-9.085508084279414476e-01
-8.784369026618299436e-01
8.849777082455023702e-02
-6.985123007783031746e-01
-9.605038971287174210e-01
