1.121527933892600554e-01
-1.000000000000000000e+00
2.185083851415394185e-01
3.723684132386068657e-01
-1.000000000000000000e+00
-7.482399777120400941e-01
-3.299895515234996940e-02
7.498296431490623082e-01
8.598594297543318277e-01
9.194296266232675208e-02
9.147600139538238917e-01
7.081269080469360100e-01
-5.327038920108539966e-01
-9.008359274750853407e-01
-9.873773525400644235e-01
-7.224733960574255542e-01
-1.150843960519600112e-01
-3.569765927956646823e-01
9.628635498375446300e-01
8.980871347331857990e-01
-2.680792469506922404e-01
6.830786166561481076e-01
1.380615472194583471e-01
-8.330929262820696568e-01
5.626799192310916187e-01
6.434645211253300356e-01
4.775417417949835985e-01
3.182889746377036699e-01
-7.985094785093469483e-01
9.092067911355017351e-01
-2.164091416778166355e-01
5.720173810850630591e-01
7.604956347941105310e-01
-1.000000000000000000e+00
5.425529151632348945e-01
-5.742562352080521348e-01
-1.377852519392253061e-01
-7.869177726979786902e-02
-8.308178004116935078e-01
-8.998863675748406399e-01
2.186373334395555479e-01
2.610307804809944288e-01
-1.438737897263697163e-01
-3.839295424073328050e-02
-3.241391308491506917e-01
1.068720263280059646e-01
-4.695260548660491057e-02
-9.738859919223443740e-01
4.655894067994282848e-01
-1.246409394545709981e-01
-6.140176159674730627e-01
1.000000000000000000e+00
8.179168048153313553e-01
7.741904559961859666e-01
-3.229421994360064455e-05
4.933043362797482900e-01
-8.974076065356000331e-01
9.045714447137808145e-01
1.091856610116538062e-01
-1.906711142332993270e-01
-6.326902208589944010e-01
-6.515150913781930786e-01
5.271260281640036682e-01
4.004813619590764096e-01
-6.787918565057318165e-01
6.900219525792928854e-01
2.197804138341293845e-01
5.582468373023681263e-01
4.535106897679116456e-01
-4.006148862234272801e-01
3.405924704440307926e-01
8.403008681681124747e-02
-5.631455086878320859e-01
-1.479930907025993614e-01
-4.217964056193849176e-01
-7.777978174894767394e-01
5.161609967622456940e-01
-9.381344274639670244e-01
-7.375531304088912554e-01
1.497920691160464779e-01
-4.186822586778086719e-01
4.625082926662610339e-01
2.597271786543106642e-01
-1.334419911662660940e-01
-4.875291924310090064e-01
-6.028847088459213799e-01
1.352520024394283371e-01
7.769740367663961755e-02
3.378804965911411662e-01
-3.115390180619770910e-01
-3.859391771192671183e-01
-7.438320357843198893e-01
-9.519905227719472895e-01
-5.792458176365447020e-01
-3.068405462408991813e-01
-7.795747252636449076e-01
-8.992657673748386538e-01
-8.124502699798618055e-01
-4.292937216943434886e-01
-9.650805747068206264e-01
-1.000000000000000000e+00
1.941698422179941041e-01
-2.342462291136187535e-01
5.036342482255584674e-01
9.794907787483733141e-01
-4.124125595646705444e-01
7.792364701797062088e-01
1.626678186223404210e-03
-4.399592034344722569e-01
-6.824449454312487839e-01
-6.801872065442189363e-01
3.038225212238724882e-01
-4.181024008240085688e-01
-2.628520335865779933e-01
-2.580998754314586807e-01
-5.713645190663285689e-01
1.485283998854090015e-01
8.030702941313937471e-01
6.458442732505638162e-01
-7.404515085339991032e-01
1.500554928976256530e-01
7.680427991864667847e-01
-1.000000000000000000e+00
-3.858258296390939535e-01
-3.519565442391672794e-02
-2.374982618449639760e-01
-8.518443391716273849e-01
-6.314320004857458535e-02
3.870084353941665167e-01
-1.988136275305990019e-01
2.543800598912812627e-01
6.640614726792055666e-01
-1.000000000000000000e+00
1.662812630221660037e-01
1.000000000000000000e+00
1.490042676242218089e-01
1.925066469731547270e-01
8.467861608387047267e-01
9.867168003153914402e-01
-6.993666448251452117e-01
-3.088335775507093928e-01
-2.247552093616063396e-01
-1.033997821277157780e-02
-4.020846324541728634e-01
-1.281209103607727426e-02
1.000000000000000000e+00
-8.520075190698108702e-01
-9.741360680092318036e-01
-5.539636931243563378e-01
-9.470554383583033031e-01
4.181795724698779138e-01
-3.709189844189620944e-01
-8.177004257384679065e-01
1.000000000000000000e+00
-4.451449322152576937e-01
-8.041747841818857045e-01
-9.909504072987374013e-01
-2.329520995726270804e-01
9.638864153202819640e-02
2.901520248344979236e-01
-6.171575901950613341e-01
-1.319168484348040293e-01
-6.333808080902897375e-01
1.672085463223466073e-01
-4.311973401357102609e-01
1.233626908860777915e-01
-3.092302167595259998e-01
-1.465596392625221900e-01
-5.341330702254972751e-01
9.115132684677679231e-01
8.726313798497677965e-01
1.000000000000000000e+00
-5.367437398613094102e-01
-4.915772492509100644e-01
1.000000000000000000e+00
7.836475631082685522e-01
5.537955174166118155e-01
7.653938618415013773e-01
7.873002867262074433e-02
3.869155351461042169e-01
-2.892587384037054177e-01
1.359374792479979555e-01
-9.988057784089829916e-01
-3.551874840725505189e-01
-6.730379191384798787e-01
-3.601769256519865570e-01
8.989366438213792776e-01
-9.645709316860325844e-01
-3.912193253101725610e-01
6.185987961908775423e-01
8.051115190960329571e-01
1.958417272277689081e-01
-1.346655050756785654e-01
9.757388152661715663e-01
-6.339546621861660292e-01
9.565197944225265481e-01
1.481144047705537647e-02
-7.848154630687288469e-01
-3.837263804072491014e-01
-2.069945766536488152e-01
-7.477750882261647858e-01
-1.000000000000000000e+00
-2.083579588701571228e-01
-5.111145090664575008e-01
2.181171537642043745e-01
1.265165440421869569e-01
3.898091140996834958e-01
6.592150394355410503e-01
8.854568192021609052e-01
8.337502205064184491e-02
5.518557490795207299e-01
-6.190906272563992951e-01
-3.100291304070275089e-01
4.860475230198984531e-01
-7.473064580453393502e-01
-5.779425801204413071e-01
6.028411527640520351e-01
7.563499290744806203e-01
-5.619970169811528971e-01
5.694408538776449813e-01
-9.890149640838654665e-01
-1.820872008726341917e-01
-8.986492035776062481e-01
1.000000000000000000e+00
-1.498118353475617337e-01
1.406151909395690069e-01
-1.274233828336159557e-01
1.000000000000000000e+00
-8.592513548347138763e-02
-8.946964575208278259e-01
6.955225649632498786e-02
-2.260736123553731131e-02
-5.656756137026914821e-01
4.739350646518149524e-01
-1.000000000000000000e+00
-6.515137776098888223e-01
-3.777602989345688611e-01
-9.268359361575578825e-01
-8.470068121489683355e-01
-2.799197166661313574e-01
-4.861191202089478747e-01
7.339231819969445347e-02
-5.110482758029090133e-01
4.194631543555901176e-01
5.168792096964799354e-01
-1.144691656298156557e-02
7.861354349404892083e-01
7.209934974940858110e-01
-1.000000000000000000e+00
-4.917003998151882049e-01
-4.315393880209400512e-01
-9.568136300188272436e-01
-3.808791997282261199e-02
-9.026272774840062851e-01
-7.119985891281689350e-01
5.693963019552840399e-02
6.663825892673767015e-01
7.593316914758414526e-01
1.963121701641141192e-01
-5.290137741067363342e-01
-1.651661282556390054e-01
2.126178384976825098e-01
8.358392642262608696e-01
6.092208483928589491e-01
5.548712381386857739e-01
