-3.247738080111974290e-01
-8.820900926972131684e-01
-1.229851301352038601e-01
6.634283244081901065e-01
8.484047566449945954e-01
-4.814448383409058452e-01
-9.628670009077457959e-01
-7.925359728863949904e-01
-5.885826008043919255e-02
7.196553486581189207e-02
-5.170052185439193426e-01
-7.881675971030929206e-01
-3.999437912756265145e-01
5.043374469799640769e-01
6.662272992751746559e-01
-2.236932822842847279e-01
1.948680150950116152e-01
3.105776894236188246e-02
-3.516119170667853511e-01
-8.894810663197210143e-01
-6.184967694417990991e-01
6.505094824116955943e-01
-9.049774417051783537e-01
9.650659272142626532e-01
-3.862979151779168951e-01
-2.292809788578056285e-01
-1.439805999430007061e-02
-1.000000000000000000e+00
7.746963627170100342e-01
-3.565218798108347187e-01
5.403291853533670475e-01
-6.379206300315901634e-01
4.266818614391756914e-01
-1.600527726091586500e-01
6.989190016591323440e-01
-1.300375685415665061e-01
-3.350644743101290901e-01
-8.233222982097645470e-01
-3.634175685005444634e-01
6.202929298535291291e-01
-8.160631196617760263e-01
-1.000000000000000000e+00
2.365800034386184025e-01
7.760227455765092985e-01
-6.031999223835798896e-01
4.462752579699911792e-01
6.367674899922254328e-01
-5.104159448831024903e-01
-7.232027292483236836e-02
7.914156061994205293e-01
-1.000000000000000000e+00
5.657146820142542332e-01
7.639801522053595306e-01
1.077958339795204307e-01
5.865476795301040047e-01
-8.556375937576253810e-01
7.473366215121589329e-02
-8.882879829667238436e-01
4.114228349233269855e-01
4.931686135365013213e-01
7.355827524216986824e-01
8.553616988049335124e-01
-6.289244145431185373e-01
-6.435586857815306372e-01
6.241725025631357227e-01
9.978006785929276479e-01
-2.514688067366331325e-01
-1.179024925592261908e-01
1.324036412231130722e-01
-4.429421121257360872e-01
-6.461590855571690550e-01
7.813781214985329182e-01
-3.687599458542817343e-01
7.862901958891328480e-01
9.268342908119772128e-01
7.962655802926064119e-01
-3.107498181410882354e-02
-6.466899512186075061e-01
-9.834043194218444750e-01
-4.502871394141796935e-01
8.196209406039819401e-01
-2.486862661549083253e-01
7.073100296076342275e-01
-4.509759546446343581e-01
-2.310647387496933547e-01
2.744288088710091778e-01
6.051662138694536841e-01
-5.834237828879840215e-01
4.209214886719215842e-01
3.624108512667269522e-01
6.814127753694966261e-01
-1.000000000000000000e+00
-1.000000000000000000e+00
1.408932710676240319e-01
9.983644950728988166e-01
7.782567167813213560e-01
-5.064305483043939349e-01
1.000000000000000000e+00
4.892037622427955479e-01
-7.771822838076790640e-01
1.593413861159223566e-01
-4.089714166475633128e-01
1.952711462207792903e-01
-9.148097166442339390e-01
6.843893058088493797e-01
-4.099217573450010810e-01
-7.908585848532139195e-01
-8.710837684424434235e-02
8.491238027869295601e-01
1.269304245164914191e-01
-6.283412358251942720e-02
-1.066731857203921940e-01
3.363555355233596722e-01
7.100247044684139253e-01
5.114611884500650518e-01
3.298190228893227438e-01
3.624885161343087137e-01
-1.031800800900552900e-02
-3.802918586053735672e-01
-1.329789319557697080e-01
9.664501615366452025e-01
1.454000872685164703e-01
2.509325360082609313e-01
-1.493016409787163989e-01
4.313511811722791078e-01
-5.190958887955786638e-01
-7.174751575422345651e-01
2.358850398145340838e-02
8.120748178041879983e-01
1.317900012348756089e-01
-9.324073460694497495e-01
-1.203342780450709637e-01
1.023370537205191555e-01
6.096303620227581932e-02
1.054386465349915064e-01
8.076240768079625543e-01
-2.126335150739188662e-01
5.981068169011583002e-01
1.000000000000000000e+00
-7.265609624875754013e-01
4.127341887396558384e-01
-7.602574927375492786e-01
7.622706718263833059e-01
7.487194532442172923e-01
-2.149777857686629989e-01
3.934490084313733704e-01
-7.087745102449328760e-01
1.092582336231902318e-02
-2.857560955045859163e-01
-5.247489967888989693e-01
2.087330416114455689e-01
4.105843714574702874e-01
7.184893659374408381e-01
3.580578954909698075e-02
8.372686777300381022e-01
8.175040695320373585e-01
-3.645058278321617884e-01
9.335338110703921000e-02
6.019072840721950701e-03
3.281220078889695024e-01
3.495975116466374377e-01
-3.641705116820998511e-01
-3.114459059816760411e-01
-6.849313166491074467e-01
-7.909045966761565905e-02
4.512713704678427695e-01
-1.000000000000000000e+00
-4.463444997105761036e-01
6.198407928125142519e-01
-2.712532945745613211e-01
-3.763458391406210302e-01
2.359773730769669231e-01
1.860132638697256646e-02
3.499235664739920315e-01
9.897441045707687790e-01
5.239233843055387529e-01
1.397531191676782691e-01
9.722191597150694475e-01
-9.946738074036225452e-01
-5.548372007060163869e-01
3.979246060208447844e-01
9.693782755325727196e-01
6.472432393599134581e-01
-5.096245881614774875e-01
-6.332863292467530991e-01
2.056815122346202646e-02
-8.645910598036425920e-01
-7.288526857472818477e-03
5.333313401004692311e-01
9.618891387428192274e-01
5.291450928869518844e-01
-2.545274824497542610e-01
9.144109998946828854e-01
4.094568543839535724e-02
-7.166794439951781337e-01
3.088864314233116248e-01
-2.746961339607639219e-01
7.622046533433697313e-01
6.660524680987243151e-01
9.775875487924001739e-01
-2.262826598007353085e-01
-2.280594826828012123e-01
2.300012633613053581e-01
9.546932077084093748e-01
-9.888638320437858065e-01
-2.735119681762080424e-01
5.188009906857441456e-01
9.907198189167709668e-01
-8.011528348855273540e-02
9.360210147901902866e-01
-6.827224226297723408e-01
-7.040820760601397277e-01
4.195158543738441437e-01
1.000000000000000000e+00
2.591997050305139272e-01
3.449040064464061195e-01
6.136444353406247387e-01
-8.007257238522362819e-01
5.656485421928110213e-01
-1.514928181553575892e-01
1.820665515188860106e-01
1.856429763093635499e-01
-8.452415521012760502e-01
-2.943144785586293555e-01
7.111232853388872455e-01
-8.536292426227313213e-01
1.344820276542537524e-02
3.351238138018993173e-01
-8.279680865274635648e-02
6.716670240527635727e-01
-8.470539586208319927e-01
-1.262801360759452096e-01
2.826167366771632494e-01
1.484965299302843655e-01
3.129531654185556677e-01
7.542269475948852886e-01
-2.101849929642094286e-02
8.440359172224798368e-01
4.224952959308316686e-02
9.594648735282572671e-01
2.083032165862885865e-01
6.827832182414783624e-01
4.834100896695953109e-01
4.838735696545432563e-01
6.466744226343325019e-01
6.589115199745969598e-01
-6.374828551645548291e-01
1.154067810629521296e-01
4.621601953524031581e-01
8.845704832321871214e-01
4.707117399965203841e-01
-5.172793280572087760e-01
7.648778552216888293e-01
-6.396113653521082743e-01
2.352767031019424859e-01
-1.656386883982613467e-01
2.565486294472875128e-01
2.336813816498004570e-01
4.761573927480268753e-01
-2.700973479670870092e-01
6.805458237770825036e-01
-4.172319140949242167e-01
-6.428472835522633932e-01
6.567604263554639443e-01
-7.906562114029568322e-01
