9.906850407533737135e-01
3.931091135350151533e-01
9.180192577218890815e-01
-1.000000000000000000e+00
5.109912666066296349e-01
5.473690393288727085e-02
4.928268583659587976e-01
-5.032673983070503620e-01
5.342148156825329286e-01
-4.976153950014267080e-01
3.897355477714229410e-01
-2.449373729379045184e-02
-1.366349931676097695e-01
3.013346043611431213e-02
1.903259031583171002e-01
3.682963510234921745e-01
-6.293684439841978895e-01
9.497526639544673355e-01
2.583551399661924153e-01
-4.133810281316821489e-01
4.498980078395645732e-01
3.864861937154072113e-01
-4.766847952892846463e-01
-3.415199552106745196e-01
2.107738007315190787e-01
2.435313701299639255e-01
-1.163500827801701859e-01
-6.531148242855389086e-01
5.802746812834318479e-01
-1.322640314467955214e-01
3.945887368778847049e-01
4.329444363346841018e-01
3.360488377992655318e-01
-8.829967128048419323e-01
2.074584125973334414e-01
-5.779700384753608811e-01
8.454545140952369753e-01
9.325388772669613857e-01
6.244560079815100195e-01
-2.352884301111943244e-01
-4.151434482978828555e-01
-4.993361761001162691e-01
1.000000000000000000e+00
8.694356860820164901e-01
9.533310551757584461e-01
-9.194712146375509931e-01
-1.145120967918976385e-01
-3.136635265353465152e-01
4.011992084387363544e-01
-2.866451727685893069e-01
-1.595729869241681587e-01
-2.849034322726138324e-01
-6.508458222226569667e-01
2.423905673857753296e-01
7.088910792345853862e-01
7.537300112685146880e-01
-3.340989277470083341e-01
3.308112999366608076e-01
1.000000000000000000e+00
4.667605752674881536e-01
-2.690654311701483614e-01
9.982344120466192239e-01
-7.134975953602475940e-01
5.319315124779453452e-01
-6.790933093291050549e-01
5.079746053016565011e-01
1.000000000000000000e+00
-2.107760467542707239e-01
5.236629875918071830e-01
-7.587935611469983632e-01
-1.007351408465127635e-01
-8.688788274468283168e-01
-5.626052509418309061e-02
-6.217544764320862560e-01
-2.858830383317995105e-01
4.685147425805437083e-01
-3.638264072001921035e-01
-3.630898160212918668e-01
-4.393355993074987698e-01
-6.194044139706939012e-01
5.070546687882643289e-01
4.260153893532047098e-01
5.976688765217216814e-03
9.347147706038881898e-01
-2.314424227791191391e-01
-9.938773624230359816e-02
2.057054129964383526e-01
7.391623338390274078e-01
-1.210099447373366305e-01
2.429175715183899964e-01
-6.244754492469090090e-01
9.028104447795357035e-02
8.937641464540547753e-01
8.338694023073960349e-01
8.413084040930064456e-01
-4.055589112324209378e-02
-2.588101735388284586e-02
-3.460308035508561919e-01
9.247559195943627630e-01
8.784419831763711217e-01
-4.578720201307391324e-01
1.677543786029393191e-01
-4.765169448424656506e-01
-7.132552130298249748e-01
9.180517169502827590e-01
-3.720495503359652067e-01
-8.008757274905101697e-01
-1.682402267033142607e-01
-5.741617941216748955e-01
-1.000000000000000000e+00
6.793085965791311187e-01
6.879837601057426921e-01
-2.956292267849392474e-01
-6.600783541998688220e-01
-7.616362140336669917e-01
-3.260606217019248465e-01
-9.443717683935380913e-01
-5.995941820954374668e-01
4.769423610042132500e-02
7.407008866170283756e-02
7.644770838298652338e-01
2.961694477617574650e-01
-1.289552849432083481e-01
9.588882999017239728e-01
1.392048884008462994e-01
-7.956409501481468416e-01
6.866829211425204971e-01
-1.000000000000000000e+00
7.465401256447459222e-01
-7.836845924319802981e-01
-1.000000000000000000e+00
-1.861926065837593292e-01
7.719938764301977896e-01
-5.747553282093200711e-01
1.957683245591032295e-01
2.368028310355539123e-01
-2.444713662574858337e-01
-2.276943490422929650e-01
-7.442355403305132011e-01
-8.235481378107989414e-02
9.070844856866490113e-01
-3.714709943672701853e-02
6.215347324628617276e-01
3.015813105571882868e-01
-2.087948757474812900e-01
7.159161786107433034e-01
-6.850138494444674153e-01
8.226797515814983364e-02
-5.524928086576086361e-01
5.081133595870941377e-01
-9.164414387267136863e-01
7.669979620646890650e-01
5.755540375078329607e-01
-3.294236796353378072e-01
3.242206086106831364e-01
-1.709284817322361816e-01
-5.331646110822102491e-01
7.135802100611539078e-01
6.791027752447604815e-01
-2.432939008725369667e-02
-1.741636781503580478e-01
2.951772318642010284e-01
-2.289700164805749671e-01
2.255154595087798808e-01
-8.894456322450323693e-01
-2.177685228037640197e-01
7.644071844539908067e-01
-4.305142363340430656e-01
1.309368147073582400e-01
-6.632818225778157606e-01
9.653783956663331001e-01
1.718722140624288908e-02
3.881980761647659262e-01
7.729022966160752350e-01
5.153408454624615054e-01
1.000000000000000000e+00
-3.184133116424611720e-01
-3.921820471257179974e-02
5.949120920817820846e-01
-4.408564246251623908e-01
-4.434810147902249478e-01
-4.612272216995636498e-01
6.293600268070530523e-01
-7.557131703969333092e-01
3.060689094044998781e-01
1.838728559092215331e-01
7.500039838851552121e-01
-5.387878533669602232e-01
-3.286504300230091435e-01
-6.003768362976307227e-01
1.341545201695178158e-01
-4.295919694787146970e-01
7.053433934326189259e-02
8.746954724587971963e-01
7.099327652514475506e-01
-5.277513444336916493e-01
7.521113700068534635e-01
-1.242684986566253147e-01
4.437896875341444392e-01
-6.964018476559551418e-01
6.549667037865292141e-01
-8.034015428529108771e-01
8.814837512254046770e-01
6.941191920964393525e-01
-3.789994576683636263e-02
-8.143554298708093331e-01
6.680307373136284976e-01
5.330566498698251499e-01
-9.806284653255408212e-01
7.367855022780543939e-01
3.807387538439727104e-01
-3.855467408854829081e-01
-4.853406211713833796e-01
5.915839583731802298e-01
8.867801266681585304e-01
1.863279627352774082e-01
-3.616164438417632243e-02
8.432852238102898912e-02
7.757632967441140392e-01
5.326647414141967296e-01
4.336376732536576517e-01
1.177739917101327388e-01
2.628468525637742692e-01
3.494764988674779471e-01
4.968415447670614382e-01
3.260357093276460283e-01
-6.586299591471895809e-01
6.113946056700887005e-02
4.581984871579443119e-01
-7.270353015210172520e-01
7.167122493664057625e-02
8.729024502947885233e-01
-1.787056628601519648e-01
2.130642351460906303e-01
-4.110814962539213746e-01
-9.540777896834473637e-01
3.185958815397436639e-01
4.934432899759949587e-01
9.841654041959533306e-01
1.108825661231259557e-01
-4.105358579443889044e-01
-7.009607613028977502e-01
4.540071700154726386e-01
-1.242121785316773475e-01
6.131272504364915221e-01
-8.259154974913285319e-02
7.695002905991998876e-01
1.512106391854878829e-01
8.632989703916638113e-01
4.631150561110464192e-01
-1.661213633008156165e-01
-6.496000787204370130e-01
3.464376281366752242e-01
-5.253552302925276196e-01
3.886615699661642997e-01
-8.097691622504092912e-01
1.900716001745443029e-01
-5.969621673492071789e-02
1.253777775668883376e-01
8.713403038427858238e-01
-3.823989502923035300e-01
-6.245331685202669680e-01
-5.167437768966963718e-01
-1.000000000000000000e+00
-8.912170448245326781e-01
