-5.968989512207203418e-01
-5.290073386851918968e-01
3.858358532686309572e-01
2.254718834014108331e-01
5.188733421427049741e-02
-9.901905162730922916e-01
5.715937193798293903e-01
-3.375733302753281539e-01
-1.622005610177126023e-01
7.367836384999758570e-01
7.538828668312502757e-01
-5.492168252020123154e-01
1.634476914711202045e-01
1.000000000000000000e+00
1.403581978721555046e-01
-2.454299572937243268e-01
4.296563693039306270e-02
-2.291215119883986961e-01
-6.108290955317395854e-01
1.787330410299217687e-01
-7.854950394159017080e-01
4.837680897027488713e-01
-3.744895447116406983e-01
5.828762330135409675e-01
8.541466274924307545e-01
5.431967383282191308e-01
3.124462647713145413e-01
1.274799545800924527e-01
-2.259539422296220346e-01
-3.806532175658434713e-01
5.522857337894133689e-01
2.991415807235383029e-01
4.288714662673701605e-01
-1.798846572748926398e-01
5.249325444574040045e-01
8.460540247334601416e-01
8.743763237959277790e-01
3.109862325562771646e-01
6.498794834387481290e-01
2.840195707942450576e-01
-5.650427644658695403e-01
8.426652995700248949e-01
-6.790982336515383189e-01
-3.814068123721064407e-01
-8.033006020685931059e-01
7.421405518936672330e-01
-4.930230883104706474e-01
5.397227726798812242e-01
-1.903803740643277009e-01
9.869867427708038932e-01
-1.405668804859819820e-01
-1.358066790311782124e-01
-7.451676924407406588e-01
8.424638478253776430e-01
-3.191285108116498348e-01
-9.093444030934479949e-01
-8.898593649133046402e-02
-2.541575963022028872e-02
-1.575272486087559987e-01
-5.014761485943598496e-01
-8.212683108276538357e-01
-2.801499750254659027e-01
1.924650723584079848e-01
-7.646026744012768273e-02
-7.950943371403271787e-01
4.664741355394760869e-01
-2.895745967246279862e-01
-1.819713201984021478e-01
-5.831839596259372205e-02
2.983810933793896725e-01
5.399471286784517376e-01
7.214555062771222937e-01
5.750013747733661029e-01
-5.169465856499219081e-01
-4.508488719798945388e-01
-1.000000000000000000e+00
-7.163726748036761682e-01
4.916719413578580222e-01
1.806346077887782953e-01
-6.193418106633479248e-01
1.089917110515705168e-01
4.572377811149321847e-01
5.123515057446811349e-01
-2.443529193487601892e-01
-9.655186017647541252e-01
2.333304099916500007e-02
-3.835971224880361796e-01
1.803792592095079805e-03
2.968232194765430543e-01
-4.604469749531137079e-02
-2.414077450507812195e-03
7.129989006585870648e-01
-1.980819146878871062e-01
-1.119784706728187418e-01
-9.947085473706803738e-01
-3.211636270701024864e-01
-1.429466286015306231e-01
5.737534519172819980e-01
7.373745486225953272e-01
7.435372780790437952e-01
-6.715577216746036748e-02
-6.255097600676366998e-01
-5.121510796811669097e-01
1.839603211756424550e-01
8.210982359532479347e-01
-4.836974678627949942e-01
-3.855447399034457323e-01
9.071142541964480888e-01
-7.035457176383049793e-01
7.775225989062578558e-01
8.522215365529312026e-01
1.508129802661645202e-01
-3.667698683211421951e-02
7.954621423884020714e-01
-8.399401835580347919e-01
-8.812845979643041394e-01
-1.142880319185350935e-01
-2.906355548556795176e-02
2.353326798646666607e-01
-5.563687930872319720e-01
6.722412029697351077e-01
9.841720165373712970e-01
-8.149599279434156518e-01
8.192431447537553701e-01
5.623978215076468334e-01
6.702546337552244271e-01
8.467583009888340895e-01
3.955561681117873984e-01
-3.211341555768554845e-01
6.020062306940936470e-01
-9.018179380981968807e-01
-7.684550348805285758e-01
-8.253685932976125850e-01
-7.073655304830506196e-01
-3.001368681782846104e-01
1.000000000000000000e+00
2.482392794696149929e-01
-3.273532337696367644e-01
-1.354585311999801367e-01
-7.746959645628486157e-01
-1.000000000000000000e+00
1.912108753812194473e-02
6.383119425794180346e-01
-4.297061630432413848e-01
-1.030615915431314367e-01
-1.800637883838035469e-01
3.907227986106471818e-01
-9.433157450899674057e-01
-3.995301577265104598e-01
4.305257369617663255e-01
3.565824815398514480e-01
5.437119599043839235e-01
-3.376798435991059666e-01
3.731109407329278316e-01
3.334010165604162634e-01
-6.228646309692623673e-01
1.502286586499676779e-01
2.549053683167374351e-01
3.701805323011329585e-01
-5.718889193232435941e-01
-3.250572734787081086e-01
2.939638793643050141e-01
1.038480977663334970e-02
7.482979762169041926e-01
3.440686814512832203e-01
3.180681203197605611e-01
-2.333564460429478071e-01
2.758082910583907754e-01
-4.778287677971767566e-01
-6.309347700938768844e-01
-8.586778153016580428e-02
-5.740644992997766538e-01
-3.945262374871740252e-01
-2.112753111163233333e-01
-7.443590194964847528e-01
2.303920377833154620e-02
-3.381371627251337775e-01
-9.642464781080040126e-01
4.560864698599090272e-01
-9.677237609850786182e-01
-5.849703103540594418e-01
5.253704576304872864e-01
-8.684041197669244427e-01
1.771253698726402426e-01
-3.654050172649042638e-01
-6.724131199268623682e-01
-3.087952504173669954e-01
4.351809242400406785e-01
4.990017871966449803e-03
-4.508282667450380643e-01
6.509499305316800155e-02
8.760343559296420723e-01
9.115768379768542928e-01
-4.761623366336878993e-01
3.562787839206406071e-01
-5.891138602375115552e-01
-2.283818473631096801e-01
2.882017396265066367e-01
-6.075170028330292293e-01
-7.733708125039006065e-01
1.117114433659288086e-01
-4.505318860909474088e-01
-5.781166814751901306e-01
-7.168148510500335080e-01
4.020487403203173438e-01
5.727788834187823586e-01
4.149943717108336982e-01
8.432461331889486156e-02
8.261166287467485159e-01
-9.139269737774911029e-01
-4.865905015143026091e-01
6.353312562779461770e-01
1.000000000000000000e+00
9.071278585118842663e-01
3.983461871889727446e-01
-5.952802957184919475e-01
7.861212482061108453e-01
5.263076711699246069e-01
6.098498374469523142e-01
1.000000000000000000e+00
2.245551805732033945e-01
1.000000000000000000e+00
1.027900431286481592e-01
4.381274706562643395e-01
-6.844144887641347985e-01
5.815299759122837253e-01
-4.133593488610491362e-01
-6.678432314820084148e-01
-8.355023140911842505e-01
-1.764712630721262665e-01
5.304260561085535342e-01
8.138241142140641982e-01
8.945698321929399510e-01
2.902179052605839693e-02
3.102310388893625426e-01
7.067652641438573191e-01
-8.860525132894884193e-01
-6.346185198430943641e-01
1.428008032072004552e-01
-8.825413859546812900e-02
-8.132613146005651661e-01
-8.854851605469479248e-01
-5.003966955401414340e-01
-6.019321998497215720e-01
-3.424642380881806059e-01
7.067454113783548930e-01
4.718740406372783427e-03
1.615958668937254872e-01
-6.685618259540463404e-01
-9.574457961408063822e-01
-7.950510041947804751e-01
-5.986784477931877957e-02
8.216783952716386619e-01
2.137421656892045663e-01
6.207540338075653308e-01
-2.730283422439015451e-01
-8.014945175939860444e-01
-9.612699522454589696e-01
-3.129432126981569473e-01
3.381445533999142272e-01
2.218581560049545653e-02
-7.044169224191365597e-01
-1.154792115876110553e-01
5.992435401385679539e-01
7.936174510528536397e-01
