-7.793161555132701590e-01
9.353713974567070544e-01
-5.533725969633591923e-02
-3.594212396826831912e-01
-2.167655600719596010e-01
2.724724007782336477e-01
4.006873385277601174e-01
-9.789287880544551568e-01
-1.696629277010145709e-01
-8.762257816352092554e-01
-9.603056440561331675e-01
-1.813154432778285585e-02
8.692795266362803863e-01
-7.522662844078527034e-01
-2.306683622090781594e-01
-6.829942333823407763e-01
1.000000000000000000e+00
-6.829738149851078965e-01
-6.271942112839905548e-01
-7.476634700249082943e-01
-4.137790229178560653e-01
3.315306260961676799e-01
-4.621592304462862066e-01
-3.354408679060837395e-01
1.000000000000000000e+00
-3.950733674042831156e-01
-1.477243215978015778e-01
-1.000000000000000000e+00
-2.227696442581324487e-01
2.194670736706685887e-01
1.959077160549410612e-02
-2.978706997472070905e-01
-5.784090662285656936e-01
-8.832680149400853331e-01
8.328234831744069089e-01
-1.000000000000000000e+00
-4.401495473955448490e-01
4.141890236490055055e-01
-6.140094317305554161e-02
-3.959323329953866044e-01
8.321845664119836838e-01
1.104416264506846712e-02
-4.572845785555058606e-01
3.138553415601821328e-01
1.119049485734563421e-01
-8.609642585079895216e-01
-3.965358645409776672e-01
-1.939756598314101577e-01
1.935315454448988115e-02
7.243718019626964599e-01
-2.856225298465009943e-01
-4.731037683670677452e-02
7.210672549031620360e-01
6.499525534370578228e-01
-3.703643290982775449e-01
-1.712886407440739056e-01
5.222986504496646143e-01
4.423000292743014539e-01
2.205668729617429880e-01
-6.347582438796681714e-01
-4.305332488269771329e-01
2.441101683329571226e-01
7.426027848383021102e-01
-4.338535513000004729e-01
-1.000000000000000000e+00
-8.875718559738641211e-01
-3.504401029976433879e-02
-8.998632420097533169e-01
1.000000000000000000e+00
7.698588774114867306e-02
-5.563792264813585131e-01
5.698729863290630249e-01
9.638481489186426776e-01
3.512455398067133583e-01
4.188916196967903405e-01
5.216002119039088170e-01
2.162037217377500986e-01
-1.564285522133090911e-02
-2.562175627908201969e-01
-1.000000000000000000e+00
-7.823254265270113139e-01
1.609622273889534383e-01
-2.439881245014941247e-01
-7.072587202406543927e-01
-8.801069134317506260e-01
-2.073771997522458888e-01
-9.635311247864091211e-01
1.000000000000000000e+00
2.329439695999413473e-01
2.753266880702409658e-01
-9.089523254058926582e-01
-4.057332661833336074e-01
4.522176215490328333e-01
-5.803931990697219767e-01
1.000000000000000000e+00
-7.430717610994155287e-01
1.000000000000000000e+00
4.221692980901075032e-01
9.504519205209452926e-01
-8.997444607813912532e-01
-7.081806776787494262e-02
1.117082466789626055e-01
1.576443410535894318e-01
3.164327074229814074e-01
8.945159228224978110e-01
-4.247126031821394365e-01
4.971471479213675493e-01
1.257381202595277414e-01
4.337425122921142462e-01
-8.507906154840405577e-01
-2.666513909182531838e-01
-3.723084045118408847e-01
2.432272971823205565e-01
-1.000000000000000000e+00
-6.290313898542330140e-01
1.615914997952695997e-01
-4.382546513618724993e-02
1.000000000000000000e+00
-9.799594133938952512e-01
9.290560719593446981e-01
-1.738538077794161418e-01
-9.978091588998103667e-01
-6.884305595172557357e-01
-4.278598912614163807e-01
-6.584701645487476274e-01
-9.855238911609491559e-02
-8.810518562560299971e-01
7.523991302030773598e-01
-9.613553943639916444e-01
6.752557749409013876e-01
-2.715125979251311050e-01
7.111655462265386030e-01
-1.237590004020028833e-01
-7.023156023319021557e-01
-2.398267688652550300e-01
1.000000000000000000e+00
4.195189123477326421e-01
-8.828295841692898049e-01
-9.174551346211818892e-01
-1.522345804520474633e-01
-8.605121623287509403e-01
8.164547507107499102e-01
1.080829246671939081e-01
-4.199093644829750005e-01
2.404950791300400348e-01
-3.584767983150461412e-01
-5.536245596660170909e-01
8.886837214867496781e-01
5.566483821214008865e-01
-9.777754176669395392e-01
4.297673613393785397e-01
9.361211982818701260e-02
4.429202243912111481e-01
4.265848681802761888e-01
1.437072773349622190e-02
-1.000000000000000000e+00
7.954206021229937029e-02
5.374016666937061482e-01
1.882487626282008386e-01
-5.463185368687406562e-01
-9.989746196633209063e-01
4.773441552054488723e-02
-1.714027739107112924e-01
-7.890800865334128833e-01
-4.281430198187584635e-01
-9.760167280324634487e-02
1.719084750302719844e-01
8.742796288529883775e-01
7.057922298206273926e-01
8.002969232924076470e-01
-1.560527384759818892e-02
-2.606390408804572512e-01
-7.393874439824095202e-01
2.289925760369387331e-01
6.853000002700075921e-01
9.997736243013695123e-01
3.829627006704229841e-01
6.322621498168901066e-01
1.000000000000000000e+00
1.246706689795758216e-01
6.325023290679250287e-01
-1.000000000000000000e+00
4.206012763900041085e-01
4.581275654166055422e-01
-3.083836851834674819e-01
-2.773557950480525780e-01
9.259968849083148879e-01
1.000000000000000000e+00
1.000000000000000000e+00
-8.308682960545452634e-01
-2.958119666656365832e-01
1.000000000000000000e+00
-3.620235062959177297e-01
5.322521786718809045e-01
5.089193843508585946e-01
1.398563045133885407e-01
1.407894473817828396e-01
5.776761883035200773e-01
-4.437550260490081833e-01
6.902361095382858469e-01
6.431839173836622070e-01
4.866795893779040094e-01
-1.232957281798930868e-02
-8.672858754634176215e-01
9.708733470554738176e-02
-8.087749658897647187e-02
9.724238922984829170e-02
4.230761719346077809e-01
-8.162581581479704251e-01
-8.820814148317224213e-01
-7.468090295118121613e-01
-3.253982767170552348e-01
-6.098269156624815945e-01
1.530349926801605753e-01
-5.878372732361183406e-01
-5.305964416451520727e-01
-1.000000000000000000e+00
-1.000000000000000000e+00
1.000000000000000000e+00
-8.683006577101561874e-01
-8.106694455418178569e-02
-8.932503580942565691e-01
-2.469462038948283811e-01
9.153207226697054333e-01
-1.000000000000000000e+00
7.266097478423177991e-02
-3.182376131600986313e-02
-4.146385217369460974e-02
6.833968249434643205e-01
-6.078148475578559751e-01
1.501848587469533924e-01
-5.812220569851759278e-01
3.609988233773304689e-01
-9.077468307484322096e-01
1.000000000000000000e+00
-8.981393237789682127e-01
8.121983729450958922e-01
4.468964019620760286e-01
-1.788766958472034485e-01
2.606577044019950384e-01
1.000000000000000000e+00
-6.590462584759326781e-01
-6.468229556355029608e-01
-6.533630681438441501e-01
1.201158415771925725e-01
2.526722228945693649e-01
1.656786255247859607e-01
2.680263058520333530e-01
-2.588868871359490953e-01
-3.111275015504045838e-01
-5.875684953480196926e-01
-8.066835951519950587e-01
1.706214886794242824e-01
2.670077126541997581e-01
7.366764859835950308e-02
2.114095443891511605e-01
-2.875659732018783776e-01
4.542782950248934748e-01
5.774406531947229304e-02
-3.040304068871044207e-01
2.866301587398617512e-01
-2.795993312427616506e-01
-3.421519559111970699e-01
-9.680049920658913010e-01
8.477925647902897488e-01
