-2.749784511745877458e-01
-5.539906027668066724e-01
-1.102768179977610258e-01
3.008276232938164596e-01
-1.153349798720129382e-01
-5.675443315554684620e-01
-4.978524582728185433e-01
-2.369830433613717702e-02
1.000000000000000000e+00
3.554575078453959813e-01
-2.025446435544301926e-01
6.710851858211128729e-01
1.482496938484461624e-01
-6.316257223319018399e-01
-6.201133236589218001e-02
1.000000000000000000e+00
2.312183764988503532e-01
3.685474626670631748e-02
2.691801292887120445e-01
-3.766620946849275064e-01
-1.000000000000000000e+00
4.731396073761161558e-01
-5.272186455114884485e-01
-8.256408966210688760e-01
1.891110745023431849e-01
6.281341255588896999e-01
-6.519205957881313296e-02
-6.864537250185508421e-01
4.439015884087104125e-01
-2.313306706075954067e-01
5.450679317992465078e-01
-9.464619517952080896e-01
-5.484450579710462570e-01
2.459263177322797977e-01
-1.000000000000000000e+00
-2.880325455676087110e-01
-5.496590213503229627e-01
1.450629481057334469e-01
-4.458709165235393845e-01
-1.710780433748556595e-01
6.764309997944029096e-01
-2.142048158683309833e-01
-2.444673618917517222e-01
-1.224565225333063001e-01
-6.342951753103863721e-01
-4.859619515490009034e-01
-2.636846067672583560e-01
-5.977606508607061914e-02
5.079866365591044763e-01
5.701494402983767751e-01
3.595856071988389607e-02
5.649300597772690669e-01
2.942395512134764468e-01
3.305982237922123201e-01
-3.127182046464973553e-01
-9.792498829605214561e-02
1.961241348811941509e-02
-1.485002527695363228e-01
-7.601557696945224762e-01
-2.067047438446440455e-01
-1.000000000000000000e+00
2.035513320948393046e-01
8.688808125434380747e-01
7.924927201234560625e-02
-6.141331552069340116e-02
7.176194903736953234e-01
-4.970052961492255061e-01
7.400025775129699390e-01
-3.560199406179025416e-01
-7.417967216575299672e-01
-6.153984328860240272e-01
5.822531188996584728e-01
-2.869123160762425684e-01
4.236316028111345999e-01
1.942318161343824234e-01
-5.983534573521498423e-01
-1.000000000000000000e+00
1.974116086324992636e-01
-9.334816221379359513e-01
9.269297489595386408e-02
-9.452716466600741274e-02
-2.567018203128824116e-01
-1.757849110430194720e-02
3.691395123800052525e-01
4.993169507264425544e-01
1.000000000000000000e+00
3.023440515237735826e-01
-1.544022574791239777e-01
-2.569280474973528738e-01
3.952077730983898363e-01
7.359102935092058928e-01
-7.345557708060147795e-03
3.088707989523575836e-02
-1.676560971685405188e-01
6.622663372398036596e-01
-4.442701299227764800e-01
6.674319606837200158e-01
3.161085553889690369e-01
3.698923913693364374e-01
7.439423859515091886e-01
-9.806695782237679904e-01
-1.055056505877051409e-01
2.619523728868397017e-01
3.344302431341504289e-01
-7.361376759894880939e-01
2.661789139959633288e-01
4.544893222680718159e-01
3.962766976913048023e-01
3.111488485215565536e-01
7.366893588129950210e-01
4.708915735832816529e-01
-5.601947146295631619e-01
6.254094994866286894e-02
-3.275212467742685263e-01
-3.133619264747724564e-01
-1.155420947526519249e-01
8.622194797886378881e-01
-8.314918226633927212e-02
1.054673835240184376e-01
-3.992990971486756191e-01
-3.900733807757854055e-01
7.671538009391745683e-02
6.236580406194675019e-01
4.025512033742533191e-01
4.410093359316737960e-01
7.433074979409688421e-01
4.722124333918143457e-01
2.369776716605200839e-01
7.125834977839800022e-01
6.178951744637163346e-01
-5.119523517715552918e-01
-2.266957892201207914e-01
-2.769617223984890964e-01
-3.557327596900951017e-01
8.649116545314268212e-01
-5.689470338932084426e-01
-6.335475984212022293e-01
-9.443679369561128745e-01
-4.953460149725329442e-01
1.604350243188187863e-01
-6.341746129736500204e-02
-6.861091141909525515e-01
-3.518403053109753209e-01
-7.493854512437636561e-01
4.392674402097279107e-01
3.734052075342219612e-01
7.257632490497156752e-04
-2.568810310743390724e-01
8.190140285609190385e-02
-1.896424401744538635e-01
5.573342822365432436e-01
-1.705070214383512806e-01
-2.717605952067286834e-01
-4.306520037973609050e-01
-8.559302261542470758e-01
1.000000000000000000e+00
8.386572643277012684e-02
6.549661381757789780e-01
-1.205430239680830712e-01
4.625618275889366027e-01
3.623498734262522447e-01
-8.452366368395247687e-04
-1.420546758245218311e-01
-2.366423153900237553e-01
-1.000000000000000000e+00
8.701672683482939430e-01
8.081958926170700330e-01
-3.876946359922081586e-01
1.514178943308791547e-02
-2.096462081258751164e-01
-2.667119971499960496e-01
-5.758205127339270923e-01
-1.919096967244607044e-01
-3.313859450425429842e-01
-8.538189225383407965e-01
-1.313252743035322745e-01
-5.794611977550212512e-02
4.597176888553894392e-01
7.063375197922520110e-01
5.025926348414766487e-01
-4.532735147056762282e-01
-8.032540193646547921e-01
6.082898307433801666e-01
2.404332327452860518e-01
3.761988870692302145e-01
-3.559970291405418763e-01
-3.298937161449450040e-01
4.966738243181000878e-01
1.010155213263199264e-01
5.001394401558845182e-01
6.766874281055631490e-01
-3.913695968680326875e-01
1.449991671478380872e-01
5.136080494305941269e-01
-1.988456133461629916e-01
-5.402937118559800744e-01
1.764215964238415313e-01
3.709840512035652016e-01
1.329390821525095259e-02
-2.129537188524795455e-01
-4.440735704390336852e-02
-8.982361998292063276e-01
5.313833699669919808e-01
-9.536865219072282462e-02
4.824737343871319251e-01
-4.428852995051124619e-01
6.995595298033474574e-01
6.369657927479215331e-01
1.721650034175292165e-01
6.571371702873374243e-01
-2.743278194257997571e-01
-2.209821713811151722e-01
-3.551692725212852730e-01
2.971943554282260869e-02
2.435812750173297903e-01
-7.720413173253999339e-01
-3.227213587534472072e-01
6.848530393470386723e-01
-2.287625246866741013e-01
3.492600252426882323e-01
-1.166806655138458160e-02
5.417605548082902317e-02
-4.403202662230648046e-01
-4.796844030214111321e-01
-1.936359510527464467e-01
4.153221386697092399e-01
2.166025072444555111e-01
6.239576851384163320e-02
-2.314142350831183970e-01
-3.788738527264766121e-01
1.294334509913688536e-01
5.670161387454608626e-01
-3.330531102272381028e-01
2.462384282845236361e-01
-1.236884408905788713e-01
7.848908715997806596e-01
-9.671665214459890247e-01
-3.124257370129396860e-01
2.848259306161304294e-01
-9.999892642517840824e-02
-6.952915289277195043e-01
1.000000000000000000e+00
-1.424851649483960814e-01
1.000000000000000000e+00
2.074419504923589175e-01
6.747828566600522215e-02
2.608424792712049634e-01
1.577412451426027928e-01
-6.384808833708743858e-01
8.672184458776932559e-02
1.268805480141419265e-02
-2.975295968642797939e-02
5.374888607204599822e-01
1.535109376789094981e-01
-8.696782449512884261e-01
-1.501366578594764689e-01
4.270822228211657579e-01
-6.553503250820441606e-01
2.106132502713375376e-01
-5.965328911903221565e-01
-8.395842078933504204e-01
7.439792759496269836e-01
3.629075488533196614e-01
-2.965954570767528886e-01
-4.011174444336583766e-01
