-3.544502093308248281e-01
-7.889858575889991954e-01
6.722142231100252108e-01
5.958468770887568322e-01
8.520598597862438783e-01
8.421815886612877833e-01
5.903650530727930779e-01
8.319484112747330684e-01
-1.785663372425361217e-03
-8.383998138733121941e-01
6.747340024505847911e-01
-6.641446807570674515e-01
-4.188998172255755659e-01
3.987323330656278308e-01
-3.085749050365225177e-01
4.047006707515194979e-01
7.486883937431165759e-01
-3.268299077626637406e-01
2.579785682903310562e-01
9.532189253664737905e-01
-9.684960253701870858e-01
-8.401655590989027811e-01
-5.611879794051419790e-01
-3.233092863940694173e-01
-1.352546889459467216e-01
-2.146995688591581963e-01
9.383478475467956770e-01
-1.517477063307326457e-01
-2.414953616920005874e-01
-7.336919196111515440e-01
2.410246760233261121e-01
5.251485991371036555e-01
-5.071026821454454048e-01
-8.760671288830301773e-01
-5.180804843411168648e-01
5.566694704927757087e-01
-6.315354999005946546e-01
1.487703507065352149e-01
-4.302239194311154868e-01
4.791087260416777571e-01
9.983839641946921084e-01
6.021993891486889794e-01
2.172166706944949066e-01
-4.048292396186774500e-01
1.078791553103788381e-01
8.003268394712654832e-01
-5.213263354524926285e-01
2.022862934460343265e-01
-2.255232307286669791e-01
3.810631239598381015e-01
7.188961432113112338e-01
3.009049287653109417e-02
1.126265674103072989e-01
-8.326149617210676368e-02
8.017636481468717324e-01
7.306841880687435786e-01
-8.275322686216470824e-01
-5.689168544281648643e-01
6.768149400872665034e-01
-4.783487531589001307e-01
7.068135869975769037e-01
-4.272854396419361045e-01
-6.991928251578831688e-01
2.474566166790086452e-01
-3.750857909819480529e-01
-8.357429347517124629e-01
-3.222097975024871275e-01
-7.439700997251459391e-01
-9.955138930519336071e-01
2.429646693663247703e-01
5.567287898631305687e-01
3.490728390184920649e-01
-5.636931350216309866e-01
-7.440067619123684750e-01
-6.188490871898579826e-01
2.474684956860733198e-01
-4.183196755303399961e-01
-2.311852168828967269e-01
-7.992975058375837438e-01
2.180698630029911378e-01
3.040574664200192956e-01
-3.919435701051672272e-01
-9.512203962372323129e-01
2.800636047191540356e-02
-2.009236485442045250e-03
-7.945960662384241591e-01
9.281958690437355219e-01
8.070234052891154253e-01
5.548023191114563879e-01
8.430224342514789360e-01
8.424442514443841734e-01
-6.523784051042997856e-01
-2.965149146319070450e-01
2.236527405204218333e-01
6.243300808708576177e-01
-2.943447866309341077e-01
-4.977759233314853482e-01
-8.565685018827862152e-02
6.032899597482253018e-01
-5.996324266152615046e-01
-1.739932704527562546e-01
-4.424271639972632286e-01
1.699357839857085217e-02
-5.236828368241939202e-01
-2.281051173315118419e-03
9.684130365313379230e-01
-3.324114127731985224e-01
-3.597956922161091864e-01
-7.412652690389798238e-01
4.049336805098691094e-01
-5.732572656403325251e-01
5.214872197088225025e-01
5.085858321085807709e-01
-9.047259152167834717e-01
-2.882437309128935699e-01
7.495332382114390235e-01
5.410979862176574784e-01
-8.005765033814893350e-02
-1.739739826993362826e-01
3.310926114125163355e-01
6.490329935003835704e-01
6.728676036205771815e-01
3.294288793322452946e-01
5.847389921772050414e-01
-4.845328668112627302e-01
-9.905809308763957599e-01
-6.954694565513563909e-01
-6.491097779215058150e-01
6.422312896557884621e-01
-3.051913589309034336e-01
1.443232161561420757e-01
-1.458073739796517110e-02
-3.114221870808266956e-01
1.966519082633644278e-01
-6.714809468153684069e-01
-7.388697597535727191e-01
9.582223944895622569e-01
-4.302442971205209243e-01
7.237623190965851716e-01
-9.665329827109614413e-02
-5.815599744188659770e-03
-6.146630624992475145e-01
-6.549896763710707503e-01
-2.511404111090476121e-02
-2.306740059059939618e-01
-3.130820155034270691e-01
-2.778038916902609845e-01
-3.453057580565834783e-01
6.505840717021005304e-01
9.680763210537515207e-01
4.891790582655051178e-01
1.721615774471598748e-01
9.621260983213741902e-02
-2.398043334899164769e-01
-3.374551426183161063e-01
-5.300754423192017839e-01
-5.887583934994098378e-01
8.411823349141300810e-01
3.212723882581176582e-01
9.184429752637612854e-01
5.207362869872826927e-01
-7.340404672122053942e-01
5.333437405703294054e-01
5.926819456850713763e-01
-3.842181086657394662e-01
-4.215118646710300787e-01
-2.667877930885096394e-01
8.832168087451526262e-01
-3.497663931185588382e-01
-4.742522664794963649e-01
5.749323857532293580e-01
7.790410966713310348e-01
-2.958807078040250893e-01
3.939199824946064687e-01
4.466233937001540255e-02
-4.629724592607735723e-01
-6.991353371465480748e-01
-7.242890963895012302e-01
-5.552787075199276945e-01
-3.584135299313282452e-01
8.121976017662992930e-01
-3.322611584178922772e-01
4.073538522893107583e-01
6.119584632646333233e-01
-4.329299372254817868e-01
9.159431057988163261e-01
3.584957953317462476e-01
-9.723501426490275268e-01
5.519864985377103128e-01
-9.512376761886534027e-01
-8.702882927425288351e-01
3.547993023159399240e-01
-3.370518712083032664e-01
-3.605700317266944399e-01
-4.338086672446890280e-01
4.536171004018427766e-01
9.361218046381321045e-01
8.846943040888628484e-01
1.611717478091854172e-01
6.601148180748017680e-02
7.710594499282796832e-03
8.917641916237899480e-01
6.470166429564412347e-01
9.768635763235278269e-01
-8.795554581195796917e-01
-6.763318885657876312e-01
3.220047211935528342e-01
7.733558647424696453e-01
-8.814851489241106730e-01
-1.118760707363539719e-01
-3.870099499562644763e-01
-9.753380772348900773e-01
8.763508341327668205e-01
5.846139471335380922e-01
-8.871088257344026395e-01
-5.224058713525825404e-01
6.944118866025024150e-01
8.268146661589683699e-01
8.904603012722422939e-02
-6.531511632331374884e-01
-6.376835639841671455e-01
-6.878824964621228499e-01
-7.396737466931344596e-01
6.083982116851553990e-01
-8.749427614331148906e-01
-2.627002027450084931e-01
-6.846111178732872116e-01
-4.266664778039319650e-02
3.165774837707511224e-01
2.824106814142153254e-01
3.201680385714245070e-02
-1.174627571166344531e-01
-3.058369023238560747e-01
-9.771424346823998075e-01
-6.894603380498192102e-01
4.315165683024733134e-01
5.128750877666319319e-01
3.432193629622060094e-01
-1.427414196899985388e-01
-6.387205334108927435e-01
-9.589429265223641252e-01
2.065484511352766450e-01
-8.741169963289348033e-01
1.604819724179546991e-01
7.514783456137885675e-01
-9.609797684595366984e-01
-1.038408718074594894e-01
4.591624892412060621e-01
8.917505952143722769e-01
2.004870281571633495e-01
-8.915809689163620710e-01
-6.150857156261446690e-02
-4.985360557121201186e-01
-1.075272645053555465e-01
-8.025737345581853699e-01
9.675838822991162935e-01
6.933781994592096432e-01
-9.892727635485454307e-01
2.572967660698586290e-01
4.405521572320874046e-01
-8.362264094066307329e-02
-3.610581963694015073e-03
-6.234978353495364001e-01
-6.975657639700767465e-01
-3.344070340493052740e-01
