-6.637775026237691112e-01
8.625553613018803745e-01
-7.168385344838117401e-01
-1.080261647711668882e-01
4.189395322405298216e-02
5.503854758613302423e-02
-2.649681237706813519e-03
5.093270484258403119e-01
4.211869771646941096e-01
-9.883040124633482026e-01
-5.307808216049676453e-01
-4.529578390484496619e-01
-1.904902732620208372e-01
-4.208547369284101336e-01
-1.000800302847200118e-01
-4.442535054833556263e-01
-9.463064236691742792e-01
8.233256688628964870e-01
-4.986516258793827205e-01
7.932251011992610401e-01
-3.332263034378473154e-01
9.484814384854689528e-01
-6.039924209158191726e-01
-2.360242536769807664e-01
-1.300968997606117838e-01
6.796520353139605675e-01
9.417742399332329484e-01
3.678726273485404263e-01
-7.383865491832379835e-01
-7.703181856656262649e-01
2.003882566710377677e-01
3.530026113338191607e-03
1.994011720224841966e-01
-8.849585052014519171e-01
4.429411615826839288e-01
9.487210726636650104e-01
-3.134614038090879351e-01
3.358803706259048116e-01
-7.729284130862397184e-01
-9.186830588437762124e-01
5.893317705665597206e-01
8.496115505568626602e-01
-3.325721352167889666e-01
-7.314457179381113061e-01
-5.125183123002292618e-01
-9.523019032380286575e-03
1.928370126082261660e-01
-3.443897821780117496e-03
-8.334859889584571579e-01
-5.180014533450552072e-01
1.369000873374701666e-01
4.467403430060890024e-01
-5.585718519072000454e-01
1.580028962002932857e-03
-3.929635752561626560e-01
-9.430223960168673258e-01
-6.565812878455967727e-02
9.387688763959753935e-01
7.446423455082162857e-01
-3.231029725528682395e-01
-2.533543626493801604e-01
-7.627387171482800099e-01
6.630715751655913426e-01
-7.950544582529002202e-01
-8.670018999289119677e-01
-2.269562184893205714e-01
-7.913497630802923677e-01
4.341379828507307970e-01
-2.295381267704359463e-01
-4.767022771586850727e-01
2.413829809539485005e-01
-4.929823111535285296e-01
4.434293359444936300e-01
8.301129965543680989e-01
4.002263267646319900e-01
3.206441828414088313e-01
1.448179218976697324e-01
9.987141582630885139e-01
3.411270992875714558e-01
-4.843824037073665156e-01
-5.020663008669994376e-01
3.136591178387269085e-01
2.848733323690804120e-01
5.818813590321942897e-01
-1.128621411769978877e-01
5.149848197705910735e-01
-3.722790035597598468e-01
-8.402246240208979255e-01
7.675785510361130548e-01
1.563534080445598828e-01
-7.748927762291095700e-01
7.293524573360712360e-01
9.000484578209655417e-02
2.200574771744794322e-01
-8.196177333432368428e-01
7.659098774116088748e-01
1.815228290492327812e-01
7.372790601663128385e-01
-2.433169282512341880e-01
8.216950301650038924e-01
-8.130630038392865355e-01
-7.123629228276819880e-01
-6.257790313388063019e-01
9.153087978496690091e-01
2.609401012442602585e-01
-2.753260734679727761e-01
9.565965732797370169e-01
3.410500816214339093e-01
-9.571194094706958477e-01
2.119396501964410096e-01
-4.099076033035371491e-01
-5.812499995416020582e-01
9.620903842395247541e-01
-9.725191481063995003e-01
-8.459707059606074164e-01
4.382827663272623742e-01
3.127829780875384103e-01
9.463197642549627808e-01
-3.282291558280980848e-01
-7.258874151540055664e-01
-1.791296031095737096e-01
1.000700722702743128e-01
5.464182413195055599e-01
4.409437937131348573e-01
3.342073200516493259e-01
-1.323647547546458192e-02
8.849778417688796139e-01
8.907796575177953091e-01
3.902949896933991525e-01
-7.485423007681366592e-01
3.041799781245637657e-01
8.826527905372769656e-01
8.398091711400601511e-02
3.715642129801510762e-01
9.643439113802332319e-01
-6.991318128443959612e-01
8.312265870424260239e-01
8.967400103417162427e-01
9.779629257936295339e-02
1.805875788728281695e-01
2.881984575275946536e-01
-4.912628997931582919e-01
2.327150934025168372e-01
-6.295911502817941319e-01
-4.819889998259219155e-02
-2.663638481636094735e-01
-8.265754021735887136e-01
-7.876538092776550481e-01
-9.941028262365365631e-01
-2.619188224534996223e-02
9.673217295698173235e-01
4.995215911634207639e-01
6.795817782702506804e-01
-1.037960680228700028e-01
-8.287608164772717334e-01
3.040803036876127408e-01
8.353672114696129025e-01
1.384562585675541690e-02
-1.712239897684613155e-01
-8.180691237375858904e-02
6.297824322937675134e-01
-9.697799731967369219e-01
5.337028604620537298e-01
1.347929562386331881e-01
1.679035576736565005e-01
-4.818849518827397205e-01
4.682327949770970221e-03
-8.209138369526316481e-01
-9.350246601603879881e-01
-5.732897359762039180e-01
8.777469183956032595e-01
-6.413575850083030883e-01
2.742721225108217808e-01
9.378937870976993274e-01
-3.979063520281365118e-01
-8.362031268249277005e-01
-3.371060453825269754e-01
-1.021502183227647187e-01
5.603152475870909477e-01
7.750897929421685095e-01
-8.537103759093123134e-01
-2.769483172593711906e-01
-1.141962478824132265e-01
-8.243954745485291280e-01
-6.646474261043515686e-01
8.030023907840841968e-01
-6.629390621338675516e-01
-4.081728156862527435e-01
-2.272387699697162589e-01
-4.113094058984951840e-01
2.628828923973798304e-01
4.547247440983315236e-01
9.627502452280787271e-01
-3.293023742590726055e-01
-6.938577616935275305e-01
6.205801447866274856e-01
6.264578064455958994e-01
8.494721908002131894e-01
7.358676192809312511e-01
2.461254117889963844e-01
7.373123764599331942e-02
2.095236725730096339e-01
6.728146415487223919e-02
4.280854950249346480e-01
-7.165532625482682327e-01
4.932749106775189407e-01
-3.552992589448864535e-01
9.649178968949574386e-01
1.132494230220668641e-01
-4.579643603486973635e-01
8.587292299627038439e-01
1.863613866912148254e-01
3.182559864948673045e-01
5.026249991414037943e-01
-4.973410889061458118e-01
5.343542877518372425e-01
-2.527268047440029974e-01
9.075352032823571502e-01
-2.376710632810445922e-01
-7.125560597044644506e-01
-4.268665412412195881e-01
9.523483348858441389e-02
-7.328004376153296473e-01
2.259658717668779904e-01
7.842842511271916894e-01
-8.202916341150587876e-01
9.476122092846723799e-01
6.415070938658615773e-01
-6.622041337430153440e-01
5.857936004180976930e-01
-7.232835023843042777e-01
-4.640611312320415127e-01
-1.439253811375356129e-01
-1.689618009532245502e-02
-4.898587839528418808e-01
8.579042501262916787e-01
-9.053774048985603340e-01
3.479227205867105877e-01
5.536642623027596688e-01
-2.080083501665537238e-01
3.963807875215776821e-01
-6.830857443212694502e-01
-2.713191321377816934e-03
6.084080145562913433e-01
-8.598106754986378775e-02
-6.702747692861317219e-01
4.563963993123736351e-01
-5.767782416873108442e-01
8.083443696051690885e-01
-3.730435463415284758e-01
-3.499666614376097939e-01
-5.675119061573770107e-01
3.306336983464037704e-01
-2.271265850676582598e-01
4.062220853262170639e-01
5.092452221496643894e-01
-8.793661090391668989e-01
-4.448437281959398693e-01
-4.155545891621965637e-01
1.784205839161816520e-01
-7.785716643992024455e-01
1.573527524382318799e-01
3.907472214970653113e-01
7.413645271937494563e-01
-7.264852808343309487e-01
