-6.930765421257540915e-01
4.876984396780403852e-01
7.353852552225831340e-02
-6.754918730074820354e-01
1.960830036336378424e-01
9.373629240510386040e-01
1.000000000000000000e+00
-1.995971864261254503e-01
-4.166725738105185872e-01
1.085685299351567129e-01
-1.913001239625947703e-01
-9.211225665602038037e-02
6.587026465547007881e-01
-1.874481136635689771e-01
3.609571103359018318e-01
3.074645798507875671e-01
-9.355814578202268361e-01
3.803860536549453220e-01
4.186150132127897106e-01
-4.412409763234539928e-01
2.739912088892701436e-01
-7.184716766818177724e-01
2.358106263545156622e-02
2.937692224281380771e-01
3.304052705618323871e-01
-2.663433680382299440e-01
2.656860035736627323e-01
-1.354852119134221100e-01
4.769918421125028951e-01
-1.496384000123144598e-01
-4.143558433528053975e-01
7.856295577506118288e-01
9.958031624078491628e-01
8.360605488683866549e-01
-4.685925341635155394e-01
-8.926007465997084500e-01
-3.615891618955591191e-01
-4.510967840944648533e-01
-4.864893530807049005e-01
-4.743709809585829884e-01
1.995681285216773238e-01
-1.990558123283294178e-01
5.657537537725135790e-01
-7.816749577661965542e-01
3.512753635801362795e-01
3.280837727819985172e-01
9.813974329856580692e-01
8.736547637939130473e-01
-1.000000000000000000e+00
9.010810150133470309e-01
-2.488527194710799528e-01
7.752859055380688647e-01
-6.373562524916158711e-01
5.159495798174522641e-01
-4.376124691563338387e-01
2.826549411407595080e-01
4.488139179093719733e-01
-7.191373894956245572e-01
1.000000000000000000e+00
4.705857898637390291e-02
-1.000000000000000000e+00
-1.000000000000000000e+00
-1.527247452889539669e-01
-3.544753411226713724e-01
1.102963342835927840e-01
-5.980072403980541962e-01
3.542574818530561664e-01
-4.214969292917412624e-01
-9.012265445977513112e-01
5.638192457262030111e-01
-2.849018736135248142e-01
6.379323833410058264e-02
6.735840819056875262e-01
-6.867247067967985341e-01
-5.204398361542076357e-01
-4.390810290821405282e-01
-6.253206828610362589e-01
9.035806068362381982e-01
-4.196428815793629141e-04
-5.987008379589853213e-01
-7.400489773587434761e-02
4.890825953592131681e-01
-1.578025731950552513e-03
-1.538325619740351091e-01
1.914513100079088814e-01
1.427883442403609093e-01
4.867722277322235058e-01
-9.295112940770807741e-01
-6.311950548686240392e-02
-1.000000000000000000e+00
-9.585671902479562245e-01
1.000000000000000000e+00
4.269836320129863361e-02
2.719710659957487175e-01
-6.588163968116450553e-01
2.435788066947634500e-01
2.507637378867663136e-01
-5.434430907142853151e-01
9.979528437302261079e-02
4.078783929419175225e-01
8.996658767420835368e-01
-2.711540739939179989e-01
-5.347915633057049867e-01
-4.954243577273228505e-01
1.418197845745260699e-01
8.912397850291404744e-01
-3.385627377359827217e-01
-1.010572194539439139e-01
8.074980921984460380e-01
-3.278718801658498938e-01
-1.266449006139059585e-01
-7.107667485183366551e-02
5.663864055185607871e-01
1.997015630195820846e-01
1.526144794779180081e-02
-7.672215986609575156e-01
-8.936076404098199921e-01
-9.304597478742292482e-01
-1.330065104345953819e-01
-5.592255004331923018e-01
-8.426800313382137864e-02
6.036646694095961774e-01
5.948140952304634688e-01
9.877244639821758376e-01
-2.809992445810399753e-01
-9.264156276796322587e-01
-7.624194773888787191e-01
-3.911067482612283763e-01
-6.683304829965093230e-01
-3.298192646401081340e-01
5.747528477249739254e-01
2.894589992594239214e-01
6.936858277480624224e-01
5.647896052478226236e-01
2.683660620707588318e-02
-4.204002474893482333e-01
-1.000000000000000000e+00
9.009342606973806955e-01
5.317165680591504628e-01
-1.147033585481431750e-01
-2.294470563657702855e-01
5.968180392581617921e-01
-2.332716218471755226e-02
-3.126408577392503219e-01
-2.868197977902114948e-02
-4.582593859121679158e-01
1.742268058901246808e-01
-4.496716893927157899e-01
-6.163724445527987150e-01
1.096290534432154407e-01
3.347408070961925552e-02
7.643341747125217411e-01
-4.523357373724394281e-01
5.452136632075621492e-01
-7.952538591257429790e-01
3.272431787966627592e-01
5.528926058656862264e-01
-8.368254522607032619e-01
1.500693225994699509e-01
8.187858045242678573e-01
6.135323490499746679e-01
-1.556436907938685277e-01
-2.671149773863205623e-01
-3.294062051824789839e-01
2.911606656405668625e-02
6.585109538498461201e-02
-2.030873095752606106e-01
-4.224081764564237562e-01
-1.901653837202322839e-01
1.452812301931736549e-01
2.868183276682493288e-01
-4.622819695127779460e-01
-7.629813733070147652e-01
1.888375218840376846e-02
1.153465387970701167e-01
-7.220239205791341153e-01
4.701153511263156393e-02
5.755053251061119368e-02
-9.280087191329070007e-02
8.105799770840007579e-01
2.225981548424252054e-01
7.216205587962589707e-01
3.067371762334689111e-01
3.660677744527250366e-01
-1.909970716059974372e-01
3.045625369906894697e-01
1.381504810635552916e-01
1.000000000000000000e+00
1.000000000000000000e+00
3.499369303842783663e-01
2.053622285371183853e-01
-6.327707701856143396e-01
-2.317381373230649189e-01
-2.088483444877770046e-01
4.099497506557862603e-01
-1.458798195673892684e-01
-1.016298400817445546e-01
4.598910799858789700e-01
-2.572225127050884463e-01
-4.375860370844418812e-01
-5.465733571283970527e-01
-1.938360524777754668e-01
-8.644749227633362620e-01
-1.540416099382132253e-01
-2.374556109952143390e-01
8.786659084489947258e-01
-1.095577399918325201e-01
-1.000000000000000000e+00
-1.446845881565515524e-01
7.893339223783859548e-01
-2.390653099308956975e-01
-3.393591507931871254e-01
-1.000000000000000000e+00
1.000000000000000000e+00
-3.416874841159178722e-02
-3.178123426996776191e-03
-9.113211064306862008e-01
1.000000000000000000e+00
-9.242943792904383393e-01
4.942258046600737087e-01
-1.000000000000000000e+00
2.755696964135270211e-01
7.061371470624875357e-01
-9.448742774274190848e-02
1.000000000000000000e+00
-6.356118444332670148e-02
7.981523937811345615e-01
5.093459380599048014e-01
3.678488382028801129e-01
-5.587910603406500698e-01
3.610134503785715765e-01
-5.767317231224381446e-01
-1.206516405455272944e-01
-2.196688049486874017e-01
3.998818504834422694e-02
-4.457753880633341659e-01
-8.154448083133001290e-01
-6.296998450400976832e-01
-4.871809922594896314e-01
-2.090688797715852532e-01
5.835939183050826706e-01
-1.000000000000000000e+00
4.008357508182014417e-04
2.762835279636107200e-01
-7.623280950788644539e-01
-8.117117610160177188e-01
5.789293569727461675e-01
3.920953557793328548e-01
-6.311689548440581055e-01
1.593467297859976206e-01
2.348629492610203873e-01
-4.003825061337888680e-02
1.258415665488188395e-01
-6.586120440880036675e-01
-1.154457091092049026e-01
-1.000000000000000000e+00
-2.807982871294650851e-01
2.896602978306298537e-01
3.461221185209323314e-01
1.093572954593981517e-01
1.627189463238998268e-02
5.002347109231298772e-01
-2.583007297814356451e-01
2.569182881172459854e-01
-2.986323294115464932e-01
