9.883951973044622363e-01
1.366756633881437699e-01
-3.361304923716307291e-01
3.032722641776687267e-01
2.829335142782160029e-01
-2.547975446497103835e-01
5.748404895923309166e-01
-3.221731998784418960e-01
-6.430681356125838022e-01
-2.564404064233793412e-01
-4.013796138932625990e-01
3.356183953214280091e-01
-9.183958825339841869e-01
-9.168133463636225500e-01
-1.444694324810726349e-01
-3.741013445437966212e-01
-1.812821673606616057e-01
4.174468520131295879e-01
-3.813239940091611713e-02
1.889696596629041325e-01
-2.285265552752507867e-01
1.341212930848739715e-01
-3.409299433437787963e-01
1.948228207693757930e-01
8.407351744018027873e-01
-3.778684054378449453e-01
-5.821339756957364386e-01
-5.028502704722574990e-01
-4.534721402788733369e-01
1.000000000000000000e+00
3.534869573417037114e-01
1.312937912627498982e-01
-4.745247234580136086e-01
4.380276850215860662e-01
4.798065212079827835e-01
3.338143927626717189e-01
8.331536163160304653e-01
-6.909179596225611952e-01
3.359685935018259517e-01
5.313617329334769934e-01
1.000000000000000000e+00
-3.311779790514059463e-01
4.975083782652997555e-01
9.642124418225770377e-01
7.163673951942126639e-01
3.504740095506284070e-01
-2.673961715345347101e-01
-5.519544691592502828e-01
7.219071776629293336e-02
1.879226187113198776e-01
-5.482425508614039433e-01
-1.185771762621861264e-01
6.058000735986273089e-01
-1.000000000000000000e+00
-6.969377888753363059e-01
-4.068366398617185298e-01
-1.000000000000000000e+00
1.079176133759718326e-01
5.340057683777128528e-01
-4.490193233342608115e-01
-1.000000000000000000e+00
9.135407923421693388e-01
-5.025351152936794463e-01
-9.325510294656857990e-01
-2.322208333325016805e-01
-2.294729581047135758e-01
-6.602124593534413055e-01
8.983339610045283363e-01
3.328256233139137432e-02
1.613743897711952813e-01
1.594307132898798995e-01
5.273761952358185789e-01
2.141524428737915930e-01
2.312661802300001734e-01
2.086211998289303760e-01
-4.736636682825349220e-01
1.176516617878357179e-01
5.045304639341872122e-01
3.644425656302935357e-01
2.626955680365057333e-01
-4.772388050718796570e-01
-3.434255661882303912e-01
-4.208341745906747366e-01
-1.122919385488986843e-01
6.641135862430642689e-01
-6.973980608896627187e-01
-1.963809961343272181e-01
-1.842844227129734058e-01
-2.164728672212956617e-03
-3.657104463199196132e-01
-1.217590901072146403e-01
5.625718263431452870e-01
5.715055688595682692e-01
4.082953498787545432e-01
-8.862547538786975654e-01
1.000000000000000000e+00
7.359140269027143466e-01
-7.279122265209518883e-01
-1.456782085389327075e-01
-9.491440750338155929e-01
8.273564445836714132e-01
-5.501484793189919120e-01
-2.407173495173348388e-01
-3.637745488269859551e-01
-3.726713702522556071e-01
-7.300126762541335745e-01
4.921823087361688609e-01
-5.531862102335258768e-01
-7.501884182419675806e-01
-1.000000000000000000e+00
-4.438832275329084309e-01
-4.231962766027405065e-01
-2.382740892717444270e-01
9.289998858341605992e-01
9.583712776890291885e-01
-1.917958571373333809e-01
-3.816454905485653359e-01
4.971911605222721353e-01
4.796965746620457383e-01
-7.530294453084669659e-02
-2.775874532659088345e-01
-2.683711138102254923e-01
-2.468236003377803633e-01
-6.279197355399167568e-01
-4.573839080838176807e-01
-3.874193636695660858e-01
-3.671450233819088527e-01
-6.921297697148380834e-01
-4.144462471282864824e-01
9.281258882729263027e-01
5.920751956283154538e-01
9.764841505315795533e-01
8.525729803841454457e-03
-8.215469205520389284e-01
1.425790696778500566e-02
4.229469691811028609e-01
-1.268559506012602034e-01
1.261942366646974512e-01
5.308056802422922438e-01
-3.618930840823122441e-01
-7.344323945871590320e-01
4.335954064653368412e-01
6.984220924450154633e-02
5.291115257572105435e-01
-3.227528066319653166e-01
2.152233628446929559e-01
8.545844611834485516e-02
-1.000000000000000000e+00
-6.721671997600870974e-01
6.024736054809644026e-01
1.490695866455398755e-01
4.960900229026655728e-01
-2.083511318490201547e-01
-4.738094047961408650e-01
1.874968180541031204e-01
6.875632521905463701e-01
6.740741664808518330e-01
-4.890305287476929413e-02
-5.018406326018101105e-01
4.078640926747203466e-01
7.584858293951457497e-02
-4.559674979028778830e-01
-2.012415687936476016e-01
6.739705796748032274e-01
1.000000000000000000e+00
-2.950142351715256961e-03
-6.640428266171357619e-01
-4.819325990478032229e-01
-1.364769962724856900e-01
9.778629576507811283e-01
6.451921971909996278e-02
-4.580860113328661942e-01
-1.273716089606107271e-01
-4.245660141925320930e-01
8.527963993426834755e-01
3.632055172519175340e-02
-3.798420777950556326e-01
-8.480442651639332752e-01
-4.028538275937521007e-04
-3.684058199189351734e-01
1.133057226621259628e-01
1.627503195586304519e-01
9.556343052000709770e-01
-5.154638871732697414e-01
7.064917206196111854e-01
9.911312153694710192e-01
-8.823353834184044509e-02
1.425392385966455233e-01
6.413789721051939008e-01
-2.693551047453440761e-02
-5.648402823011231533e-01
-3.014732392711172992e-01
1.568061075310210606e-01
2.975890751328169603e-02
7.702828392466523066e-01
-3.931075449681051825e-01
2.354444942331273827e-01
-6.088937722486374993e-01
-1.208550660543028232e-01
-1.858682700224137396e-02
4.306602322161219853e-01
-8.359978982505790190e-01
-7.177431002724388165e-01
8.560436767221374366e-02
7.498269669551003158e-01
2.123376394782809928e-01
-5.618707100324267234e-01
7.556175889305807303e-01
-6.168354716865381837e-02
-2.414525996192824486e-01
3.697845035926297652e-01
-1.949269652413447851e-01
-1.102739952387032374e-01
9.270158448056367018e-01
-2.800076352066431795e-01
-5.687148254738383368e-02
6.956142806428797787e-01
3.531239590382243554e-01
-8.240528807488913809e-01
-3.451892073690928653e-01
-5.520149111538253939e-01
2.205843365253724597e-01
2.034352389415696738e-01
1.980479289060176895e-01
4.355087657549903124e-01
-5.107579527899898109e-01
5.639070310713976131e-01
-4.113293516560111163e-02
2.170745238079486161e-01
-7.144956805608928541e-01
4.717075643719721989e-01
-2.933175272083102803e-01
-2.349119249913600438e-01
4.607625312545385876e-01
3.687619437446533199e-01
-1.000000000000000000e+00
2.263064628055595773e-03
4.967686018090898270e-01
5.639687452699680970e-01
4.286330580293583048e-01
-6.041065300736260246e-01
-2.183256865575400885e-01
-3.218224042037507449e-01
5.911878193568712581e-01
-4.693199239023148617e-01
4.903915597219663525e-01
-5.371192898650720693e-01
-3.692065333596166732e-01
-3.148425463594443086e-01
-6.998932001599051933e-01
-1.380355240492117663e-02
1.214436224401837378e-01
8.600889535534458896e-02
5.086178141745014702e-01
-8.140761830454538162e-01
3.448674544406210019e-01
-1.000000000000000000e+00
-1.766213072780192794e-01
2.173635941690787998e-02
-6.557612412864077811e-01
1.707764759664396337e-01
2.832990939020547660e-01
-5.837360299867370150e-01
5.514177464178371402e-01
-7.596332085276638613e-02
