4.964882233588768234e-01
-7.801734272385929536e-02
-3.181082553242013944e-01
-4.607895974511619919e-01
4.000753266050512402e-01
-1.327116323195803582e-01
-3.989785773914734102e-01
4.900958380530242575e-01
-6.345787057512665141e-01
-8.050752896182427065e-01
1.000000000000000000e+00
1.799672582941864163e-01
6.472572616975970083e-01
-6.118451854463548001e-01
2.253777539269257724e-01
1.805282430561827578e-01
-6.566767399672755745e-02
-6.868091228203456744e-01
-7.078206102808815015e-01
2.853003161790239606e-01
1.427375881715752803e-01
-1.000000000000000000e+00
-2.999816110197056629e-01
3.952837910882333050e-01
-5.635624662767994009e-01
-5.555242119208605306e-02
-6.305191295169267907e-01
-4.058138570551043656e-01
-8.887501490755079780e-01
-6.862138521208085429e-01
1.852119697478970262e-01
1.000000000000000000e+00
-1.134440491870397361e-01
5.910880144686413429e-01
4.424275207196952664e-01
5.470112960713998662e-01
8.779953015268222583e-01
1.000000000000000000e+00
5.535091251935707612e-01
-4.463585667545053592e-01
3.070449667877441779e-01
1.824031018454385644e-01
-3.381623536214015124e-01
3.133063867809970371e-01
8.945433689050373560e-02
8.167632162087371528e-01
-7.302927795983327197e-02
-1.000000000000000000e+00
3.868331166619191630e-01
1.975710765646659928e-01
4.521273235966049020e-01
-1.000000000000000000e+00
-3.647337984163005475e-01
2.128002311450012674e-01
-9.136130764410981264e-01
8.849846715073769188e-01
7.476447887470032416e-01
-3.566491561900174134e-01
4.507258295324059194e-01
1.000000000000000000e+00
-7.387741312559805706e-01
8.573460569646389473e-01
-9.497003354791668794e-01
1.000000000000000000e+00
2.323653135721115148e-01
-5.812432537864087312e-01
-5.509779864246592274e-01
2.179224655418801060e-01
-5.253351859478270214e-01
4.578418463858242582e-01
-1.000000000000000000e+00
5.147021156196927016e-01
2.688207242128958230e-01
6.394969756743952294e-01
-8.547224335967957831e-01
8.807429635045540550e-01
-6.313201695624310883e-01
6.814302367858964260e-01
-5.722338931270581908e-01
7.780659120070176904e-01
5.937194653475809103e-01
7.266754924052152287e-01
-2.250791920844819050e-01
-1.000000000000000000e+00
-2.405157715872632274e-01
-2.286020458986952608e-01
-1.000000000000000000e+00
3.240006589807331028e-01
1.000000000000000000e+00
-3.073761882143837276e-01
-5.217625047112555148e-01
-8.672974143872367314e-01
-7.433671680006040949e-01
1.000000000000000000e+00
-7.789753412761025730e-01
6.886396775605116982e-01
-1.000000000000000000e+00
4.675035378164099642e-01
-2.902875358688485341e-01
-3.492411972444385837e-01
2.772230813823439166e-01
-1.000000000000000000e+00
-2.576066062858302363e-02
4.325164172646284166e-01
5.561734280276128123e-02
-5.065192292063762647e-01
-8.169460110059968416e-01
-9.680713272046927997e-01
-5.527772138383985068e-01
7.777589886317850532e-01
-9.351717803755497105e-01
7.549097797873887128e-01
7.730581184945826134e-01
-9.101995045853669142e-01
9.352030452477293476e-01
-3.855647625651191235e-01
-2.105240825644735803e-01
-1.000000000000000000e+00
3.400397833854985064e-01
-4.642374385965437611e-01
-3.896496548961008721e-01
2.169450964085707922e-01
-2.748891142366198803e-01
8.633531839244089623e-01
7.885968593697834095e-01
-6.989121762368588620e-01
1.000000000000000000e+00
-3.241119039596099261e-01
1.000000000000000000e+00
3.514538399675408709e-01
-1.994702369587038338e-01
-9.094629632991547696e-01
-8.878867097933709762e-02
1.990294021736950525e-01
3.449685735146648113e-01
-7.579525099603624527e-01
1.000000000000000000e+00
-1.766702985696104178e-01
6.517839774203204595e-01
-7.298825630674756759e-01
3.217275665050581268e-01
7.449685701353553346e-01
-1.000000000000000000e+00
6.384035703238603032e-01
9.055725623428025894e-01
2.893488718310510133e-01
1.658745574441675696e-01
-5.458113382549484305e-01
3.410472196105830411e-01
-1.000000000000000000e+00
-4.939671740066534644e-01
-8.717245269858965306e-01
-4.897155101739411043e-01
7.122377886541506609e-01
2.632596271841783908e-01
-3.592305495028572659e-01
-1.832001319383486093e-01
-1.964604818954025778e-01
-1.000000000000000000e+00
-4.611248408949817357e-01
3.617088917412586424e-01
5.929521604767657994e-01
-3.577483819347250793e-01
-4.943463378658530250e-01
-3.723511077701086580e-01
6.053030973788553482e-01
7.259208491285844556e-01
9.190458415893874022e-01
-9.987441554385914078e-01
2.514793578782705818e-01
-8.670490355174022001e-01
-3.280803932126092892e-01
-5.744447989222843942e-01
-4.731227042981991371e-01
-3.919401250296589145e-01
1.310139602871043252e-01
-5.510619878103446556e-01
-5.527369003300885986e-01
-1.164806038462998794e-01
-1.501431337349642126e-01
5.822539422912782481e-01
-4.557853191944987586e-02
1.583617464417338139e-01
-2.565020295468442568e-01
-4.026194330693879109e-01
7.384278554528255212e-01
-9.894451928135344909e-01
3.271811726437408030e-01
8.300339150625882789e-01
8.227923934576107934e-01
3.205006643332851679e-01
4.017729794769276386e-01
-3.258093298682853689e-01
9.603989260635502623e-01
6.118416485733882970e-01
3.476924607781413101e-01
1.444259241466184229e-01
-6.359043966762719657e-01
-8.540631318212939249e-02
5.346459370366800634e-01
-2.335148782082164809e-01
-6.915122104742450482e-01
9.686426445906367588e-01
4.297185018681295432e-01
9.592012527782690645e-01
2.163840064502944305e-01
-6.044513394464657852e-01
-2.793309548103843354e-01
-1.024945797364569117e-01
2.119390080583605784e-01
-3.390924400734411925e-01
8.275587894248416232e-01
-9.896738988936930603e-01
1.000000000000000000e+00
4.851164345689326085e-01
-5.431612863936305935e-01
-4.199304633805425735e-01
1.067382888962020160e-01
1.000000000000000000e+00
-1.000000000000000000e+00
4.099872928256716453e-01
1.000000000000000000e+00
-3.843363035223619217e-01
-5.433442014153226918e-01
4.378911026759036429e-01
-2.942148401702895377e-01
-4.966367086885198345e-01
-4.857697377337950595e-01
-5.286025338095576842e-01
6.196054595949784805e-02
-8.270090964530985023e-01
-1.073969687196508066e-01
5.323834297708869290e-01
4.139904691947687843e-01
3.626405770607965540e-01
1.498044205987736910e-01
7.410260056426680730e-01
6.217153376854778202e-01
-2.695036014970569327e-01
3.773581049661939302e-01
2.997626177575218875e-02
-1.000000000000000000e+00
3.111812637968232043e-01
3.864009191644238728e-01
7.788160646733677250e-01
9.896875122657901036e-01
-1.000000000000000000e+00
8.684954962057999106e-01
1.886758995020390295e-01
8.107775463172572916e-01
-4.313887567466803685e-01
-1.000000000000000000e+00
-7.553861520086080361e-01
-4.833027167138281288e-01
3.019169247785064569e-01
-2.017226683705615198e-01
7.184658115291932268e-02
4.726667149650898292e-01
3.595862949393759389e-01
3.775962468215056100e-01
-6.053034779578152502e-01
-1.000000000000000000e+00
-2.925615404610580894e-01
-4.452242155874315266e-01
-5.269391683379180957e-01
