1.823451737667176054e-01
-5.028546861125986478e-01
-2.312993583794360763e-02
-9.101685414414488751e-01
-1.780149192050420881e-01
-1.535101432082440487e-01
1.631004727223914208e-01
8.292821273104585000e-02
-4.027600404294384706e-01
7.051976732553405514e-01
-6.052549688851392995e-01
7.647871714651258701e-01
4.300169668353409080e-01
1.000000000000000000e+00
-5.728215517977323090e-01
-7.518559745365078761e-01
-2.324418206851245616e-01
-1.000000000000000000e+00
1.962343364759458753e-01
-8.506468238282307581e-01
3.020695543855468901e-01
1.249888643683776668e-01
-8.148047543912662061e-01
8.430589276991591330e-01
1.000000000000000000e+00
-5.455513469673569649e-01
-6.740629761264043118e-01
-3.810062147312304193e-01
-2.698148811938842484e-01
7.960030608619754755e-01
3.402708348709299613e-01
5.361090045451024633e-01
5.675538890582418339e-02
-9.107042397640829900e-02
1.258882702696378919e-02
-4.165844598075763572e-01
1.313650676545469187e-01
6.687938468212087928e-01
-9.380938639355058672e-01
-1.485113101628584287e-01
1.000000000000000000e+00
-5.244391693501772034e-01
-9.845399439062739455e-02
-8.088958824977668938e-01
8.859195297344255593e-01
-9.531042852569012735e-01
-1.660694337193687475e-01
-1.314210308901237467e-01
-4.971448196704045808e-01
-6.431058680357953916e-01
-9.773677045859988088e-02
-4.007531340394842045e-01
9.310424287039161806e-01
-3.325500023379174275e-02
-5.634420631776041466e-01
6.762029783400661520e-01
1.000000000000000000e+00
-1.000000000000000000e+00
2.534397127397849947e-01
9.823804566268304894e-01
-8.511474411733928047e-01
1.000000000000000000e+00
7.436197151655362658e-01
8.735478372064280350e-01
-1.000000000000000000e+00
7.913397195626536984e-02
-1.000000000000000000e+00
3.669492089114929634e-01
-1.341436920847711711e-01
2.668730647298646064e-01
3.887883672551935565e-01
-4.903934029740307787e-01
-8.286717017717339928e-01
8.026513084659987474e-01
-3.361530713776367252e-01
1.000000000000000000e+00
-9.868376411765883427e-02
1.000000000000000000e+00
1.000000000000000000e+00
-6.620198961829814044e-01
-3.576628803365094478e-01
7.045672289347583162e-01
-1.000000000000000000e+00
5.180366773075565368e-01
-8.042758451158433797e-01
-6.393758717877084941e-01
-8.618991323832995155e-01
-1.000000000000000000e+00
-1.404267231660359105e-01
3.689410445204694966e-01
7.373303821415631010e-01
-6.413710091733486607e-01
6.700587357537380884e-01
1.000000000000000000e+00
2.782653489561805471e-01
-5.445967905000994591e-01
-4.712687850833632286e-01
6.773830920598334915e-01
1.894149666028631107e-01
9.482223588109748302e-01
-5.230901952317885684e-01
-1.597942669246189273e-01
-1.000000000000000000e+00
-4.260176290798522308e-02
-5.331953793893845495e-01
-4.127973424944961778e-01
-3.683318582501737271e-01
4.623607082759998987e-01
-1.898103029539067177e-01
4.163388924372609101e-01
7.827222796701532870e-01
2.953885596772035660e-01
-3.621726691246360263e-01
3.179963279741078730e-01
-5.010698214021153118e-01
1.022617920272254621e-01
-9.307513751536574675e-01
5.734587022822199565e-01
1.770582104806667501e-01
5.921734528843182188e-01
-9.436772224991656355e-01
-5.448958340729456173e-01
-8.069055387188983630e-01
-2.870938129259865135e-01
-7.992531895453836022e-01
1.735877672046076403e-01
1.812555817485145826e-01
-8.585981053573605859e-01
4.393931767394897436e-01
1.931129869271911437e-01
1.590501655105899526e-01
-9.178492220405837232e-01
9.717326046758434366e-01
4.689788416008767169e-01
-4.788624992967196459e-01
4.740038737221289877e-01
6.003122624174585253e-02
-8.752386091935628887e-01
-4.590418331357597470e-01
6.749944889286475791e-02
-3.081624959279625209e-01
2.238505367500719379e-01
1.000000000000000000e+00
-6.708231495997053484e-01
5.283820188093756309e-01
4.078076819997863423e-01
5.626056802351513397e-01
-5.754083424547544734e-01
-5.401512261689440653e-01
2.104161930499706679e-02
9.870672721607118838e-01
-1.000000000000000000e+00
-1.000000000000000000e+00
1.000000000000000000e+00
-1.000000000000000000e+00
1.000000000000000000e+00
5.421359876264534305e-01
6.853727038526209459e-01
2.664799161777395842e-01
-5.998572013594078989e-01
-9.713978759832824217e-01
7.631951866842319188e-01
-9.089890623513767753e-01
-1.402649818836482210e-01
-8.752139926878632625e-01
-2.849861862151789604e-01
-7.187703038927674148e-01
7.991735215780019219e-01
-4.264767860086394746e-01
-3.689980046316559958e-01
-3.931158304940672310e-01
9.390766478336258771e-01
-7.857361227260000192e-01
-5.377285403354584714e-01
-8.216310583746069263e-01
1.000000000000000000e+00
2.927887129949761080e-01
5.375619484256568548e-01
-4.053940979996909499e-01
2.940675694391572392e-01
1.279282775282854501e-01
-2.761461591355058864e-01
-4.358910257562946255e-01
-1.000000000000000000e+00
8.427154985244155183e-01
-5.952683961432160276e-01
-1.781755516699139730e-01
3.589315101434148447e-01
-9.865215360038637193e-01
-5.319100585800480285e-01
-5.351615027276994674e-01
-7.217617419317656768e-01
5.446936689210249982e-01
-1.000000000000000000e+00
1.266774399586921840e-01
-3.059870614367637270e-02
-6.905638213156022331e-01
2.424935123904748968e-01
4.247923803954961053e-01
-5.434532778002585385e-01
5.532955474308518529e-01
-3.783573901405299922e-01
-3.978308576872725544e-01
4.910021531590655353e-02
-3.313806010410160208e-01
-4.905337032152397025e-01
6.094893033275277094e-01
-5.182305908198577837e-01
-1.092157821736611384e-01
7.520756313265604120e-01
-9.552424657693789345e-02
2.547963840988994866e-01
-9.701673270637249658e-02
8.835382952110122368e-01
5.253435420456983307e-01
-1.206692789420397288e-02
-1.629792326516993906e-01
3.265011574013859108e-01
1.194705878031155077e-01
-2.632551396968064172e-01
8.815829371562090566e-01
4.415369551967751605e-01
4.950810368349348733e-01
3.619815199169985620e-01
5.167571558179310243e-01
7.577234725186322573e-01
5.385738343229495850e-01
-5.934386011867032185e-01
-4.002328740945840235e-02
-8.530154844096551336e-01
-9.223723326370935061e-01
6.385087696483617847e-01
-7.908047332389283035e-01
-1.606089602533167238e-01
-2.703366999223125178e-01
-1.000000000000000000e+00
-4.144411658423345357e-01
-1.000000000000000000e+00
-1.000000000000000000e+00
5.587518768807743230e-01
6.603850469059078243e-01
-1.606673592617542667e-01
6.791161456927016227e-01
2.430988362292672567e-01
-3.380567046554837085e-01
5.438081921677087038e-01
-2.251857464832398570e-01
9.433144637530934684e-01
-7.318381644971390099e-01
3.276734080788983872e-01
-6.190983355456428638e-01
4.027183637176887099e-01
7.177178590575761241e-01
-3.880107130775118374e-01
1.000000000000000000e+00
4.891307761347677419e-01
-9.491073610072739974e-01
-5.478323075146162013e-01
8.789359937109110232e-01
-1.000000000000000000e+00
-6.528286868864544568e-01
9.127800996209938234e-01
4.448770320607872697e-01
8.944499526384920296e-01
3.474061363753265241e-01
