-7.981035861630586536e-02
8.668081029532131998e-01
1.998328267909417755e-01
-9.950899673315409810e-01
-5.128938420788591301e-01
2.192322700123611467e-01
-7.833046233870949449e-01
9.257946462138006982e-01
-1.000000000000000000e+00
5.849702015090749857e-02
8.658534378909777951e-01
6.021531331383569996e-02
8.209203092611636610e-01
-9.582486306937952891e-01
3.982075342472898294e-01
8.138045834687914759e-01
1.563223502832973288e-01
8.742079703638299115e-01
2.343658388847261742e-01
-1.000000000000000000e+00
-2.031530971883727110e-01
-9.903842312796299341e-01
-6.147460978668491949e-01
4.714408318000606890e-02
7.076784228472340343e-01
-1.636163270160191363e-01
9.509955819556573653e-01
-8.040041777674991064e-01
-7.059515367620272652e-01
-1.000000000000000000e+00
-5.696278563387451310e-01
2.708349655520198712e-02
-6.707701631169957768e-01
4.111149762891246340e-01
6.197097839695693278e-01
-2.241234423086414101e-02
-3.793877901786387175e-01
1.892946652998014623e-01
6.070064150947354076e-01
1.000000000000000000e+00
4.900016702974828720e-01
-4.183621137484384023e-01
1.000000000000000000e+00
1.000000000000000000e+00
7.439388366434712685e-01
-5.204137110841130509e-01
5.849839180610746370e-01
-8.448639867773477530e-01
-6.506310905165916258e-01
-4.147584876828444012e-01
6.340622525230014128e-01
-1.000000000000000000e+00
5.732729126908817641e-01
-3.465922503379287867e-01
9.155107212430069197e-01
1.694584149021696740e-01
-5.472247554483780640e-02
4.515984904302534630e-01
-7.043880511496664054e-01
1.000000000000000000e+00
4.481690457303570962e-01
2.464490741407927010e-01
4.292982665133856512e-01
1.000000000000000000e+00
7.812789823715853288e-01
-2.323195542246236367e-01
-7.124180927117591822e-02
-1.340322143185497250e-01
6.829987303909401675e-01
5.625516760189911425e-01
-9.731993078395126950e-01
2.463443196463111495e-01
-4.590462446081815528e-01
-1.916353160152598212e-01
-4.388403909566012118e-01
4.435433111241990911e-01
-1.297445500158525555e-01
-5.052356504304542639e-01
-2.232053148115624441e-01
1.823994418103194459e-01
-7.635981144380873387e-01
-8.207675229657297455e-01
4.936994649967170190e-01
-6.254700189818950262e-01
-4.114570717132151056e-01
-4.156130771704102944e-02
-7.762101097533807836e-02
8.048085013154682166e-02
9.682620308686967769e-03
8.171979692893455161e-01
-5.026507451849013264e-02
2.269858589250249303e-01
5.860307118499069601e-01
-4.919934480540522070e-01
1.000000000000000000e+00
2.939596856804094216e-02
-8.590847314851091099e-01
-3.315693598175719070e-01
6.252584248416169777e-01
-2.725501212670460305e-01
-6.328388607979078540e-01
3.696782396920849090e-01
9.113304757511828669e-01
-6.118512321649988150e-02
9.188002740038330174e-01
-3.982235490016888813e-01
5.720672024418336221e-01
-7.622193615249867049e-01
-9.650961802371318399e-01
-4.198244680521793781e-01
-9.828828979911218289e-01
-1.000000000000000000e+00
-6.425641424494190623e-01
7.108662994198756691e-01
1.000000000000000000e+00
2.252582872841620287e-01
8.298815215938639689e-01
-6.511705693897876790e-01
-2.822345048396192602e-01
-7.160369358038396470e-01
-7.313095299302661001e-01
-5.248412130926315144e-02
1.079112552971372985e-02
2.184706992359582989e-01
-6.489767049518303521e-01
1.465440493606648409e-02
7.806620179356502098e-02
7.137455684881062190e-01
2.817012817343632625e-01
-9.009641067988267693e-01
3.032920522187880774e-01
-3.227301962724765660e-01
5.020557341959053232e-01
-8.031679188051638052e-01
4.374543372691178655e-01
-2.403225958601444001e-01
-2.144402590724646673e-01
4.689262526822209898e-01
-9.154266099866430473e-01
-4.708366620186784646e-01
-2.330156912709921979e-01
-5.232277440934053336e-01
3.867364079821101752e-01
-1.000000000000000000e+00
-2.043409619753138173e-01
9.412685081863649827e-01
-3.589116378049940215e-01
-7.745871052897680409e-01
-2.270540570614367759e-01
-6.588430870148437313e-01
1.000000000000000000e+00
4.668208359790419482e-01
6.327486410341865986e-01
5.160084034930016994e-01
5.891783831033275964e-02
-1.492706568588111904e-01
3.326494261394507546e-01
-9.051192810919556075e-01
-1.000000000000000000e+00
1.550236416682601315e-01
-9.521256453723613289e-01
1.080671044193778491e-01
3.428687843234577426e-01
-2.906563379516930445e-01
-8.523707626254634073e-01
-9.089745269121790594e-03
9.057453956942922435e-01
-8.479027645225770127e-02
8.917088435831960203e-01
-3.986323707694634511e-01
-8.215844717942136222e-03
1.001262490242464248e-01
1.000000000000000000e+00
1.000000000000000000e+00
1.000000000000000000e+00
3.385903901613361300e-01
-1.750734709678072876e-02
8.228969367120009260e-01
6.572196225898417898e-01
-5.972499393110959343e-01
-1.004071449375062430e-01
7.560910158239291246e-01
-2.931641869856871918e-01
3.294893786154425852e-01
-2.912697904649603764e-01
1.206894626328511994e-01
1.000000000000000000e+00
9.286223839249510004e-01
1.003408718791681947e-01
-1.000000000000000000e+00
-9.099093537006361920e-01
8.507677132944695408e-01
8.429558636661479420e-01
-8.371058936760814584e-01
4.831189434146093697e-02
-7.430767101466442259e-01
-9.017525689832864844e-01
-1.211157789273643037e-01
5.328910346533988207e-01
-4.894634302427215422e-01
-8.277442270936025137e-02
-8.942684694594891237e-01
1.000000000000000000e+00
-3.263432399567810505e-01
-9.578757861790698769e-01
-6.196418929358546990e-01
3.802043478100497476e-01
-7.272982611438316702e-01
-4.904096704518800531e-01
3.910217675114346925e-02
-9.665086367292138325e-01
-8.870705416370080476e-01
1.000000000000000000e+00
1.000000000000000000e+00
8.873461570962877243e-01
6.956040701609281784e-01
-1.000000000000000000e+00
2.326351135715708507e-01
-3.300906041660813806e-01
-1.000000000000000000e+00
-6.648404379308658907e-01
6.772295009090928408e-02
-7.637993959762325868e-01
2.410332168530022745e-01
-5.907359197076373913e-01
2.449818772324506566e-01
1.000000000000000000e+00
-7.436879144265313712e-01
8.941137637195724075e-01
8.573974116567364412e-01
-5.004378219707490416e-01
6.099776800208774885e-01
-2.805225963168629377e-01
-2.112738494725798499e-01
-5.954488174233404374e-01
1.806303339727676760e-01
-1.882755180860022082e-01
1.097640187471739109e-01
1.202180583387477963e-01
8.025317274147808488e-01
-1.533449693291628613e-01
-6.560184836204561165e-01
-1.709803672003753217e-01
8.514171147545503970e-01
8.227036204847685275e-01
6.122416804650339106e-01
9.127890260030130376e-01
9.780900972249364500e-01
1.481429002646839077e-01
-7.139207459080001428e-01
3.922635248008223829e-01
-7.223846352730765030e-01
-7.547701407484220804e-01
4.723989684285060942e-01
8.752806326717062213e-02
3.780480352580106729e-04
3.510872023085225280e-01
-1.195210558412007629e-01
-4.190826766207611520e-02
-2.896353811769394326e-01
9.849908049857777903e-02
-1.000000000000000000e+00
4.058747291293491322e-01
-1.607286558920498765e-01
-3.541368803435268608e-01
