6.351213509501375531e-01
6.624182904323836496e-01
-8.603063844828208184e-01
-1.000000000000000000e+00
-9.445816254671429713e-02
-4.931599497592139003e-01
-1.768373584100950136e-01
1.504184234845216683e-01
5.625283708229749102e-01
2.062847744178592513e-01
8.369083280574637351e-01
-2.881320503115796655e-02
-1.000000000000000000e+00
7.035071861457413700e-01
-4.056238850863181367e-01
1.000000000000000000e+00
-2.944835809796536030e-01
-1.802605423176683042e-01
8.674876739569189477e-01
-9.465849691885194761e-02
3.913501802781045869e-01
3.491389601900999340e-01
8.525692123882235851e-01
-2.361819435409986262e-02
-8.378234822720973529e-01
3.402101700054998568e-01
-4.393128096642658909e-01
-4.519114653567649076e-02
-1.000000000000000000e+00
-1.238569546795075804e-01
-7.776772801111533351e-01
2.700835221200166281e-01
-6.883807367465633043e-03
-8.551480652719898323e-01
2.496167135322160946e-01
8.681708140997226320e-01
-2.568860074366772772e-01
1.000000000000000000e+00
1.334100295256366031e-01
-6.317766791639435331e-01
-2.863492474909923313e-01
-8.402268310288358855e-01
2.507617555682171151e-01
6.599334427340504128e-01
-1.598366905202781851e-01
1.000000000000000000e+00
9.271287147349891455e-01
-1.214645139841669108e-02
-1.721106175983096176e-01
-6.100877154783472811e-01
-2.218908486566142368e-01
-8.195365356210719820e-01
-3.898471374213793861e-01
7.794974965946558365e-01
9.116577150374904903e-01
2.494579948095946575e-01
-8.518163053895798642e-01
-2.141334806229376886e-01
-8.871468830272747352e-01
-6.359856214687348297e-02
6.483100916954669390e-01
9.479111860983862048e-01
-2.212594350546502886e-01
2.449157461308762440e-02
7.959564316855595179e-01
-3.423605402226721495e-01
9.005224436901371199e-02
5.087144550749255201e-01
-4.998933732838910515e-01
1.000000000000000000e+00
2.858628168969573613e-01
4.567073041840630232e-01
-1.000000000000000000e+00
3.964057148770690486e-01
-8.520699475233760589e-01
6.758205535146357690e-01
6.400276323166924630e-01
-2.918152081913340523e-01
3.155299893452946924e-01
-2.624625598505131441e-01
-6.400672714947295283e-01
4.496383219383107144e-02
1.907732068605288989e-01
-5.067191843091132242e-01
-6.916218212286741052e-01
-9.027165273014444713e-01
7.466460961707737098e-01
-4.453182303336479797e-01
-9.144612981565757304e-01
1.000000000000000000e+00
-2.233791913443178290e-02
5.095875521067982916e-01
5.981575624302611915e-01
-1.000000000000000000e+00
-6.958528582135041496e-02
-4.649018977030201505e-01
4.034006631911445373e-01
-5.212250203290732520e-01
-3.026521531826414368e-01
1.924254360497014704e-01
6.898846117728760219e-02
7.285029440344243934e-01
-9.629355736234804231e-02
-4.972507417598879265e-01
-6.319384365623131883e-02
2.040310118632542302e-01
5.453969091922514778e-01
4.190777607731946408e-01
-9.767464237109848568e-01
-1.000000000000000000e+00
-2.613859544407543534e-01
-1.233782149034441944e-01
-5.806883096941669598e-01
1.000000000000000000e+00
3.962316468906975642e-01
-1.000000000000000000e+00
-6.482288279061542147e-01
3.504856292137816798e-01
-6.693127983568264439e-02
1.000000000000000000e+00
-3.761756344944959252e-01
1.842179315845747789e-01
-2.418859772517211737e-01
-3.942053322761209788e-01
4.283592470134131025e-01
-1.000000000000000000e+00
-3.588131259589407707e-01
-1.000000000000000000e+00
-3.429804007725635318e-01
8.352471364826596911e-01
1.000000000000000000e+00
4.645208161588377793e-01
5.896065268359669265e-01
1.000000000000000000e+00
5.545330836127763119e-01
-6.405559015750212914e-01
-2.330884808787194173e-01
-5.615408025538083381e-01
8.181509034265357361e-01
-6.402363445884957649e-01
6.960724552146261290e-01
-4.110762742011113691e-01
-1.617266666024166633e-01
4.885482529053130074e-01
3.909729459380097139e-02
8.000543185373779620e-01
-1.000000000000000000e+00
7.458754600325400164e-01
4.260197125266884655e-01
-3.098917185476764979e-01
-8.725305275494452673e-01
7.731672335790915618e-01
6.964544298015531432e-01
-1.000000000000000000e+00
5.468169756805459913e-01
-1.025712721761109503e-01
-2.192722437528268620e-01
-8.197237065542259948e-01
-3.075905191640458392e-01
-5.491477053238589257e-01
-6.534707209311154674e-01
6.945948149681735462e-02
8.482704025117613345e-01
-2.136198441689132754e-01
-6.780920391095092148e-01
-6.323613548313431476e-01
-2.912953057864789974e-01
7.185779472935551748e-01
2.838321554808366232e-01
-6.584921999684330007e-01
8.735780879680062894e-01
-3.099732523440382193e-02
2.676416040074595104e-01
2.129612977800086071e-01
-2.926327865885458568e-01
-2.899271547112676206e-01
-6.296667630660470749e-01
1.000000000000000000e+00
-7.994326337530023308e-01
-8.266947409317988438e-01
1.943223904731082863e-01
6.505619601836250265e-02
1.000000000000000000e+00
-3.839799624195433525e-01
-7.454870800457421565e-01
7.991998146551773097e-01
6.787986683700288904e-01
-1.000000000000000000e+00
-6.310899527328097669e-01
-5.350303200075343657e-01
1.000000000000000000e+00
-2.196092904608834828e-01
-9.672054389566324684e-01
-8.865194016282944567e-01
1.033248247772708128e-01
-4.551950892032642915e-01
-1.620525893913973836e-02
1.775398259158168790e-01
8.387203172539727802e-01
-2.909468615398623781e-01
-4.977597370553393796e-02
2.704749901703783488e-01
-5.440443645893588975e-02
1.000000000000000000e+00
4.222990494452313337e-01
5.161012767868530249e-01
3.603963969242216653e-02
5.848342644418668135e-01
1.662502282473666826e-01
-7.039405828235034690e-01
-2.408322296195869738e-01
-5.183789765273985051e-01
5.209931742223754547e-01
-4.810467144704629050e-02
-3.730607556188370588e-01
2.203097865628393104e-01
1.839904597946366571e-02
8.319622989052629647e-01
-8.848975047757504098e-02
-4.269472236961704414e-01
-6.051221740863705900e-01
3.110817498671183956e-01
3.476323819215244582e-01
-5.859627703678492727e-01
9.328766878280059238e-01
-2.456948094223236900e-01
5.023881120285509372e-01
3.820013318394301360e-01
8.921796819629487230e-01
1.000000000000000000e+00
-9.033917414764678355e-01
-6.798201352769808192e-01
-4.956220536321863102e-01
3.745581080015095710e-01
-4.500102586524136195e-01
-4.662988096558349227e-01
-5.485907163382151008e-01
-1.235872265887515975e-01
8.276252430593169507e-01
9.682785254284994592e-01
-9.066228000095212236e-01
8.509650246429625309e-01
-6.313694958286278358e-02
2.593927864060731059e-01
-1.000000000000000000e+00
-6.515352273671870531e-01
-9.339581385580197903e-01
4.975748961901774736e-01
-3.462314464987917284e-01
-6.128830215314351459e-01
2.776261267391092469e-01
6.383890621790377917e-01
5.756682965132897678e-01
9.736785969592188783e-01
1.000000000000000000e+00
-5.219642215881111769e-01
-7.066232795351409246e-01
-2.838988432673618667e-01
6.448240428377955968e-01
5.160930247135279147e-01
-5.355511811404360945e-01
2.584904102998450970e-01
5.536643605602908913e-01
4.003403634980785553e-01
-4.732758283196464300e-01
