2.842781107095447291e-01
-5.098465928301318950e-01
7.268963343100504071e-01
6.325001429394205843e-01
-8.729801501060051594e-01
-8.716071253407173813e-01
5.202847066682318999e-01
4.477924654615241806e-01
-3.808696493242091918e-01
-1.907479185177595182e-01
4.265266942597160660e-01
-9.228001089179463934e-01
-4.744147532958829516e-01
-3.800374177485900673e-01
-1.405859514102925367e-01
1.000000000000000000e+00
9.946073041848528806e-01
-8.739747926845887749e-01
-2.604275078476805394e-01
3.561389261484343427e-01
-7.313549195623904042e-01
3.447013217920239514e-01
6.739816436507118924e-01
9.646541193077390330e-01
-7.240618338092004169e-01
-5.306299882703967297e-02
1.084062838843947996e-01
-7.717588271764412866e-01
-1.000000000000000000e+00
-3.442974654460462247e-01
-2.981672871251457302e-01
-3.626496378437675805e-01
8.925469350220154308e-01
-6.023400211634868384e-01
-1.946252097543121340e-01
-1.878986519380346776e-01
6.693244178054628124e-01
4.026674180797817915e-01
9.525239938944871643e-01
5.238487617746617753e-02
2.816021757761983380e-01
-3.350575975020851915e-01
8.291867724379039517e-01
4.748003804017975060e-01
-1.000000000000000000e+00
1.000000000000000000e+00
-2.117345942170680700e-02
5.503262926660877907e-01
3.320226219743516172e-02
1.516322892937810862e-01
8.729256241258737115e-02
1.000000000000000000e+00
-2.368043632738533188e-01
-4.561350546029548925e-01
-4.172637867458511285e-01
5.699288828989701461e-02
3.664531162281509102e-02
-6.878130756377980326e-01
2.956704310337363584e-01
1.684081237401665043e-01
-1.000000000000000000e+00
-2.382235601601552233e-01
2.434498483206442021e-01
-4.368351541013848482e-01
-5.279997816929563603e-01
4.141918856968712648e-01
5.854455713410762208e-01
-4.261674602707969939e-01
-4.260047700703861184e-01
-3.886422568024149871e-01
6.807058759704793793e-01
2.650094030500390607e-01
-8.698073601912983399e-01
-5.477088215661716220e-01
-1.116641163381712487e-02
4.387794599006331064e-01
-9.951844133841436513e-01
-4.635755339941286524e-01
-1.612764522096318820e-01
-7.794618074888362003e-01
-4.199759668919388067e-02
-6.529803557782811740e-01
1.000000000000000000e+00
-6.194274508700670090e-01
-8.523651279234073508e-02
-1.000000000000000000e+00
-1.000000000000000000e+00
-1.000000000000000000e+00
-4.712659098265049029e-01
2.398226268437692044e-02
9.268262262525418516e-01
-1.639834407475052047e-01
1.983558348422027051e-01
7.000636624455642831e-01
5.627149690904880153e-01
-7.820554575075299164e-01
-6.924301979688612940e-01
-5.421305152847112341e-01
6.119379837639287167e-01
-4.071752428783771971e-01
-3.110361423844905104e-01
-6.574810788297108521e-01
3.150317950913674725e-01
-3.407938750265663841e-01
6.653556398178211984e-01
6.031846805840674897e-01
8.176736641322637777e-02
8.051119790783084484e-02
-2.488438751112923009e-01
-9.036656482312267480e-01
3.427589834841552885e-01
-2.799908427766223395e-02
7.777211572381578231e-01
-7.756170265040318590e-01
9.319010992809372285e-01
-5.694874603168441629e-01
-1.000000000000000000e+00
-9.896461670389085086e-01
-1.000000000000000000e+00
1.145639867621749408e-01
7.533409530269301602e-01
-6.518462268993379105e-01
-6.385244235289774251e-01
1.000000000000000000e+00
-4.026409870173540684e-01
4.871666501529399174e-01
3.778311228717161629e-01
-6.968190712927005981e-01
-1.000000000000000000e+00
6.424481573412710311e-02
3.017823744675177666e-01
-3.896736223421988221e-01
1.000000000000000000e+00
7.768501520880646272e-01
-9.345789737178461509e-01
3.279377606502577591e-01
-9.469561529329281191e-01
-3.203719928468082290e-01
3.828608487424460805e-01
-6.777446787701861819e-01
-4.202669672876672147e-01
-8.770418173971883391e-01
-1.781603983344848818e-01
3.648944265718184199e-01
3.274028165065870355e-01
1.000000000000000000e+00
3.910564523663207503e-01
-4.586453072633831507e-01
-3.717224466504134850e-02
-2.546367109914916826e-02
8.359865251904741168e-01
3.755971846829017635e-01
9.497079044059484332e-01
-7.755081727926735891e-01
1.000000000000000000e+00
-9.359632485654816314e-01
-8.614776438233061606e-01
-1.807882691924849461e-01
1.000000000000000000e+00
-6.144459951225814676e-01
4.783753070875676472e-01
2.500903592868324310e-01
4.201930967356176660e-01
-5.676290913835785323e-01
-4.505078888190245379e-01
9.038128741448514525e-02
-6.632658232192580883e-01
1.000000000000000000e+00
-2.150428534722844676e-01
-2.142470705362565231e-01
8.110083068314826171e-01
-1.579511637291523551e-01
6.177828147131606551e-01
-6.848837928457898183e-01
-3.443907200866888063e-01
5.241367617945012075e-02
3.779910074278896442e-02
3.118659782835203620e-01
-1.000000000000000000e+00
9.184834380648642105e-01
5.547553703960594884e-01
-1.261090431104464060e-01
-1.000000000000000000e+00
5.569539094997887352e-01
-9.689375047595666368e-01
7.695832072170492033e-01
-2.526478245261696842e-01
5.969835621007454352e-01
-4.073886541639052394e-01
-1.066940785211262233e-01
-3.236557162948180411e-01
-8.274309104543342563e-01
-1.000000000000000000e+00
2.149654263838807200e-01
-5.999659926230954676e-01
5.122456642883556066e-01
-5.944945436094748459e-01
-1.971392081858846512e-01
-1.000000000000000000e+00
6.716385134677030910e-01
7.849002845919464955e-01
-2.118882924247731392e-01
3.755817740286401252e-01
-4.254722468489688381e-01
9.953147936578636557e-03
7.314200335229017469e-01
5.081759321667687068e-01
2.897338898964936793e-01
9.163700905131991759e-01
-5.694006624486633861e-01
1.102666433438325710e-01
6.097484218275553425e-02
1.000000000000000000e+00
-3.939009995441253298e-02
8.877875245792870018e-01
-4.275359701227888776e-01
-6.405989625240218199e-01
1.131775884778681018e-01
6.796491490485334630e-02
5.900235321438261904e-01
-4.138465846668990533e-01
-4.562265161551288806e-01
2.556782794226001299e-01
5.230959016848135690e-01
1.000000000000000000e+00
-1.358573825148482461e-01
3.504537884770014267e-01
1.239146330258324435e-01
9.434587962946631157e-01
1.770151540732878281e-02
-4.235126046092040075e-02
1.000000000000000000e+00
-4.689290888536457036e-01
-2.099044583941400699e-02
-8.393508114000497455e-03
-1.000000000000000000e+00
-7.305496561300728331e-01
-7.710578182508746048e-01
-1.000000000000000000e+00
-6.991135464648394748e-01
-6.878610574898107455e-01
6.433870699045852737e-01
-9.299587642397273424e-01
-7.095687538684374296e-01
3.703619534985131967e-01
-7.611059006697833418e-01
-7.773170165587164337e-01
3.102664339646614700e-01
5.947152947163905634e-02
2.513497832281763045e-01
-1.076749178338665125e-02
-9.598569559494842807e-01
-1.000000000000000000e+00
-2.867137806513365139e-01
-8.381979152891797513e-01
-1.000000000000000000e+00
-6.959541700352046556e-01
-1.734077971134141971e-01
-3.325880365803594030e-01
-3.430577618268592088e-01
8.896004812971494702e-03
-1.725717499636681418e-01
-1.072623055528274666e-01
-4.502488009830634685e-01
-2.070213818013966756e-01
