-1.100335466455017730e-01
-9.578102825277374777e-01
-3.572281291493145661e-01
4.896776612783286797e-01
7.386841762380471632e-01
-2.498725196960656647e-01
7.524412141647798258e-01
-1.564828128751521719e-01
1.160131911990095188e-01
8.675349420976493642e-01
5.481448575959195768e-01
-1.000000000000000000e+00
-9.849866428446719668e-01
9.750116964465735947e-01
-5.372621265325192574e-01
7.044545594875109007e-01
-9.513008432635091660e-01
8.426619282848037962e-01
-6.958506078725376631e-03
-7.939540578602375387e-01
6.272463693903287396e-01
5.150917356428950100e-01
-6.904166497667069136e-02
-4.049346512000638887e-01
-5.879573256812429261e-01
7.116660702155026552e-01
2.423321726144752886e-01
6.741990623905158575e-01
4.635649457603140955e-01
-4.984353482604401697e-01
-4.939421299612599681e-01
-2.047165781576844590e-01
-2.852749801431426202e-01
9.425651727863451068e-01
8.198283868048089618e-01
-2.828657167395637329e-01
-6.271305881945756777e-01
-8.889136576801468514e-01
-6.275455306343098449e-01
-3.141141974199780362e-01
2.138861187357086191e-01
6.376501622174949313e-01
8.654626333139622818e-02
5.221770449889320820e-03
-1.000000000000000000e+00
-1.955018399742458335e-01
-9.931640687355757224e-01
-4.782510346828199865e-01
-5.421964383275481580e-01
3.732729427171395664e-01
-1.642551201448566034e-01
-6.417174890862050729e-01
3.987997575277979490e-02
2.528991451129762869e-01
2.645459407778771865e-01
-2.039747387489969921e-01
5.982526308830207196e-01
-2.498865190879250575e-01
-8.453966565634396524e-01
4.675387421778455233e-01
-4.931983424690752904e-02
7.815619067260401454e-03
1.000000000000000000e+00
6.069037579043466968e-01
4.979406845698205464e-01
7.631118692626188693e-01
-1.000000000000000000e+00
-5.698539525104238113e-01
3.519140198291815791e-01
-3.817214320057421562e-01
-3.826136003564068466e-01
1.252848563264286619e-01
-1.241098083443928357e-02
4.727348528014752027e-01
-9.093559428913906562e-01
-9.623702923611966442e-01
-8.339858882479954660e-01
-9.258324895013623212e-01
-9.540566863484203353e-01
1.494845250658613511e-01
7.962305995790982527e-01
-1.677588172793121335e-01
-4.865476909683365547e-01
1.897921570873550567e-01
-8.702065177596735035e-01
9.465170242053855265e-01
-5.334958237791390667e-01
-7.970304758716953986e-01
-8.677570187335681418e-01
5.192158255664163224e-01
-6.654056485779682450e-01
-5.643313035889457874e-02
5.067490525625631959e-01
-7.339801293701051499e-01
-3.279411078495941823e-01
-3.733089427007958427e-01
-8.575102521923837484e-01
4.957987100643234113e-01
-7.828031449188287416e-01
-8.680106118450828800e-01
6.314914093199612832e-01
-4.186777252861074161e-01
2.245737635506214469e-01
-1.000000000000000000e+00
-8.526060680213792820e-02
6.010836654370714516e-02
-5.899396435656749649e-01
3.878171555953818794e-01
-5.181978282649750689e-01
-5.188271234023089651e-01
-1.000000000000000000e+00
6.891529568469639822e-03
4.742390287636809587e-01
3.944946248838905600e-02
2.130245083849543197e-01
1.000000000000000000e+00
4.176018782275426888e-01
1.000000000000000000e+00
7.593550276620407713e-01
-4.835545079542885594e-01
-2.029438071425598289e-01
2.641330696318338056e-01
-8.043257484801592527e-01
-6.101311164938468812e-01
7.683676024606905797e-01
9.452818136945211336e-01
6.879571354520669368e-01
4.512904182051900026e-01
9.609967605309179817e-01
2.557914036300294458e-01
9.592752045894186175e-01
-8.207388580061797390e-01
-1.934443165333401826e-01
1.895636108200925984e-01
5.875941827280168894e-01
-9.583001517308883943e-02
-1.000000000000000000e+00
-6.667119437658004522e-01
-1.997178654754072913e-01
6.670567204987928323e-01
1.000000000000000000e+00
3.635541594833281431e-01
2.935793930175020217e-01
-1.000000000000000000e+00
7.264819519390043334e-01
-7.726033027348651050e-01
2.381556694653640810e-02
-7.962020332922309374e-01
5.701742228193922291e-01
1.000000000000000000e+00
1.000000000000000000e+00
-7.108235838147807240e-01
1.000000000000000000e+00
-5.823974782392922211e-01
1.000000000000000000e+00
-2.085628145550572077e-02
6.962983649441946143e-01
1.944068071389803698e-01
2.645755242576856570e-01
9.625546154607629301e-01
8.418083127122240050e-01
-6.980806787510989153e-01
-2.670133820741993902e-01
-1.000000000000000000e+00
4.496303947662493306e-01
6.030611832159126218e-01
6.157966085808869172e-02
4.624342366596827514e-01
-4.972600319056764140e-01
-1.000000000000000000e+00
-2.092480319663107546e-01
3.896210803713200388e-01
-1.000000000000000000e+00
-4.582898025388859597e-01
-1.174756779977497445e-01
6.403913889493464406e-01
-7.041293882827619477e-01
4.410801525696653180e-01
-5.166444945274486500e-01
6.095861108557247832e-01
5.056300696559934416e-01
-1.185807787561077853e-01
-2.328069326661878491e-01
-2.467059704752887217e-01
4.594394499567659024e-02
-5.362628224803364096e-01
5.135113709402785442e-01
-4.768281620191000547e-02
-5.298348430908692008e-02
-5.866136435624070833e-01
9.415202929441643942e-01
-2.204537172939888268e-01
-9.744694997510198187e-01
-1.926248768779618148e-01
4.263802921844017657e-01
-8.972475348925106342e-01
9.710344959763589356e-02
-6.272702647369828854e-01
5.330538410312029018e-01
9.777374044916880003e-01
5.731372035842342560e-01
-5.853446240918370735e-01
5.842698018387072478e-01
-9.855305152565785320e-01
-1.000000000000000000e+00
-1.000000000000000000e+00
7.718051631486578801e-01
-3.185476338519445116e-01
-7.589702429591922428e-01
4.262711613686916423e-01
-8.233776438919371277e-01
-6.066602765244460960e-02
-2.402503675838363328e-01
2.065851704061905103e-02
-1.000000000000000000e+00
2.776414086825086946e-01
5.541022551213696801e-01
-8.429680901933638282e-01
1.000000000000000000e+00
2.514270570088274481e-01
2.159134683586202974e-02
-7.017700644876719851e-01
1.755968755630674671e-01
1.000000000000000000e+00
9.049388959224525797e-01
1.059135195372526705e-01
-1.837468443944920704e-01
-7.316930002718898818e-01
-4.098317985794258655e-01
6.714849907193815026e-03
-1.000000000000000000e+00
-6.479214680660965175e-01
-2.617062109214373100e-01
4.405118182485646683e-01
-2.365785530864003838e-01
-2.364014098941704944e-01
4.544292138513307266e-01
9.211326897326913010e-03
5.025189997779769824e-01
-2.584528769361748024e-01
9.248318092751561803e-03
7.979736127448644467e-01
-4.881073177935137397e-01
2.094312738425850862e-01
8.774446859585649516e-01
-1.877731882111967898e-01
-1.000000000000000000e+00
3.775293400740666883e-01
-3.046377340560147418e-01
1.206064852408939153e-01
8.374615907496396616e-02
-1.000000000000000000e+00
1.669490211310485916e-01
7.126587159612629563e-01
-6.169514046069286550e-01
-6.111593917762683237e-01
-4.249467044068395705e-01
3.415879707552772482e-01
-1.000000000000000000e+00
-1.000000000000000000e+00
-6.289800544502223145e-01
-6.621873793241028761e-01
5.182642323687586261e-01
-2.941937378703495254e-01
5.173257311102126277e-01
