-5.114218513819643319e-02
1.000000000000000000e+00
-1.000000000000000000e+00
-3.481612102786273977e-01
4.145540304704852241e-01
-5.617374043449567811e-01
3.937173622652227478e-01
9.003024425089996008e-01
7.669674308236573701e-01
4.216333728002020775e-01
-7.773087983473423446e-01
5.347430030782996946e-01
5.248016363142544716e-01
-7.375352217927001464e-01
3.268874327858827256e-01
2.932156323927394004e-01
4.333208766260465139e-01
3.442914241445697021e-01
-4.827100117239192523e-01
6.877424107472230874e-01
-2.447045049106930659e-01
9.582033414666257798e-02
6.555121330665276691e-01
7.820046025538175405e-01
1.000000000000000000e+00
1.494708723668058681e-01
-1.030839318835040097e-01
-5.059477435775477927e-01
-8.980373049075633940e-01
5.556432869433057808e-01
-4.061383626920049561e-02
1.894403174524442734e-01
-6.761128697105586172e-01
5.319806200585966982e-01
9.490492026144670135e-01
8.895553397682456342e-01
5.063164139371738592e-01
7.166996750204157607e-02
1.000000000000000000e+00
-6.432807304943011228e-01
2.124756618872408187e-01
4.060283691818252216e-01
-3.485467120110819494e-01
1.000000000000000000e+00
-3.380178156154823310e-01
-2.949661265388315856e-01
-1.000000000000000000e+00
-2.507438171887550471e-01
-6.289837650797025503e-01
-4.690046095550861605e-01
-3.982536364436350951e-01
1.419136826466562418e-01
2.049297894632288175e-01
-1.000000000000000000e+00
-6.412692791023202332e-01
-7.222940179818976292e-01
-8.018998038602543899e-01
1.340467307588429635e-01
-8.540731510477200805e-01
1.000000000000000000e+00
-4.471231837309849189e-01
-1.372819876167798159e-01
2.516659801470261804e-01
7.759142291037260386e-03
-6.063382096297921520e-02
-5.306223470787078955e-02
-5.033787737250764449e-01
1.000000000000000000e+00
-1.000000000000000000e+00
-7.360238738562324690e-01
4.351287585966150118e-02
-9.346272037851786063e-01
-7.514082122601765112e-01
-2.079851192801025206e-01
-6.793679522062547882e-01
7.480688332139362462e-01
6.150931578054052995e-01
-3.098968216213413007e-01
-9.437085444402872891e-01
2.894644709426026918e-01
8.631021036836639126e-01
-2.126689905140639325e-01
7.660813769818609620e-01
1.000000000000000000e+00
8.020102937796149689e-01
-5.318489505718405619e-01
9.129435419291431764e-01
-1.000000000000000000e+00
6.409957466873655862e-01
-8.268672124293610093e-01
1.000000000000000000e+00
-7.938759468006116593e-02
7.913082124462775258e-02
-5.913527097966728707e-01
-5.215889242634790257e-01
-3.272960089979346510e-01
-6.235071087767730669e-01
7.026783616733426330e-01
5.329786124628990152e-01
3.541476430808960241e-01
1.000000000000000000e+00
-7.950934140351748058e-02
3.455554685692972527e-01
-7.161149767882941664e-01
7.754738218299378483e-01
-3.872059412893104069e-01
1.000000000000000000e+00
-1.071350730527663997e-01
-9.013033466888866752e-01
2.580326701762585689e-02
-2.355896070311967461e-01
7.368539402317917375e-01
-1.000000000000000000e+00
3.484235321671054764e-01
7.083434069591826310e-01
2.089584336346526072e-01
8.074555233601052873e-01
-8.583436534023884956e-01
-7.370732543940043957e-01
-4.880098172319185523e-01
-4.019354707067455124e-01
-3.363342681074122376e-01
-1.000000000000000000e+00
8.254615883651141850e-01
-4.375256972376798670e-01
4.536550738082215095e-01
-3.831230857657436650e-01
-1.617526846322080436e-01
-2.238478790504943305e-01
-6.202072139259231509e-01
-2.690367945396354710e-01
1.053378564719315152e-01
6.693015919037026418e-02
-3.862563186023509898e-01
8.881788349584098796e-01
-1.000000000000000000e+00
2.656228354448371132e-01
-5.172091257754027893e-01
-4.226144378054407236e-01
-1.000000000000000000e+00
-2.420476809916118910e-01
-4.802994173722568982e-01
4.053358279769946060e-02
7.967820485218295445e-01
-1.000000000000000000e+00
4.667132251619590666e-01
3.800183216686424670e-01
5.242322598092010733e-01
9.022282712104556790e-01
-8.580419836192829663e-01
-6.189876431957723746e-01
-2.875458409274853633e-01
5.898262807698896326e-01
-1.436715634944758513e-01
-7.501521436507107010e-01
-2.021152049019843133e-01
-6.174262048665273284e-01
7.578371996085984108e-01
1.538476365186468575e-01
-4.796221175014603877e-01
-1.000000000000000000e+00
-9.233148760303775404e-01
-5.165535260451509236e-02
-1.215412686813086007e-02
1.003379350389632801e-01
6.709107613706000173e-02
4.928331696946096074e-01
7.655619986007407007e-01
-2.272086045470461391e-01
-8.112070243027145189e-01
3.753654454210454960e-01
-5.458155891145233252e-03
6.737427899999746117e-01
-1.000000000000000000e+00
9.114153564932166995e-01
1.779068478983878154e-01
-3.397089764446600268e-01
-7.062130292480775506e-02
-8.976288252182976768e-01
-7.525970045737565006e-02
-2.315138150294740460e-02
-9.614189978683638227e-01
5.246082386017322241e-01
-9.879149764008078316e-01
-1.755943866161525646e-01
-5.107655268015807160e-01
-9.447604830698937139e-02
3.973793442556162736e-01
4.265596040001958800e-01
1.000000000000000000e+00
-4.499779689670663219e-01
-2.717481924154276918e-01
4.287017198095501858e-01
7.083548714313496752e-01
3.564654294838644488e-01
-2.212155915685179997e-01
6.809321455553421498e-02
-4.745889807578125286e-01
3.319577275810951522e-01
-3.630703696106396539e-01
-7.098682143573442627e-01
9.698812323295274984e-01
-6.145893375148792082e-01
-3.212412070327446134e-01
3.291848730062225115e-01
-6.027292662399054146e-01
3.901693781307746245e-01
-9.424011525840919612e-01
-1.000000000000000000e+00
-1.000000000000000000e+00
-1.123019650940465519e-01
-8.057688706296053383e-01
-4.194531409992324766e-01
1.000000000000000000e+00
6.826234556728211222e-01
-3.624742560207148689e-01
-4.398836003065145217e-01
4.838489498949631318e-01
-1.285497388592865553e-01
7.917026110835815311e-01
8.863112871545770766e-01
1.595071264377886100e-01
1.000000000000000000e+00
-4.889537602023695528e-02
7.406413549869924617e-01
-6.161218364792270252e-01
-3.221232687065034295e-02
-5.102936449558288512e-01
-5.808430394742101210e-01
-4.752096136169102203e-01
-6.703271734225321188e-01
7.357431797459550449e-01
2.743199782089941752e-02
6.806401396905412127e-02
6.609182770325814360e-01
-2.228078147712360957e-01
-3.145092665212235183e-01
9.998468018392515644e-01
-9.432973912287605511e-01
3.859186578387778788e-01
4.653154367706733296e-01
-4.406299910058373293e-01
-3.147547854385643884e-01
9.501250902235078843e-01
-7.567188097001218416e-01
-7.249645640631399157e-01
9.888938521890183742e-01
4.774753931044055655e-01
1.000000000000000000e+00
5.892624447961032352e-01
-8.089097259316163635e-02
4.479089660299336861e-01
5.691334249956679914e-01
-3.048496237078971438e-01
-3.678625442889020825e-01
-1.000000000000000000e+00
-1.000000000000000000e+00
9.420625138863565340e-01
6.041474142553201476e-01
-2.178646874753049217e-02
8.677040671820617224e-01
3.635548048278519628e-02
9.680000181134795767e-01
-3.292011217334094297e-01
8.999519029636711132e-01
