-2.138229725638416401e-01
-1.654667537383249232e-01
-8.530490109473958249e-01
-5.614239543117800491e-01
-9.144931064562503709e-01
8.542676033973093386e-01
4.398780665742840212e-01
-6.903127926133285630e-01
-2.796698104025768239e-01
-1.000000000000000000e+00
-7.442130161921745035e-01
-7.799563328169209497e-02
-7.902583189355141258e-01
-5.403197564368391603e-01
-6.538410357202033563e-01
8.547652360972668451e-01
-2.165830462521765309e-01
-7.881525260593339466e-01
-8.270738405387215719e-01
3.479232299752436086e-01
2.100004123624049091e-01
9.453451292202796896e-01
7.758694182396025374e-02
-1.000000000000000000e+00
-9.377642985741850845e-01
-6.859666658278871232e-01
5.288552952430380927e-01
-8.422604877878585583e-01
6.935408861991221308e-01
-4.475213595145588474e-01
2.771178071677274923e-01
-3.780763530692500263e-01
6.117060221040895307e-01
5.319493510691715166e-01
2.688930774998979367e-01
6.702148476950552380e-01
-8.332349732124655350e-01
4.534703420256723239e-01
-6.507574724098122432e-02
3.938972787644672846e-01
3.081832019475981288e-01
2.012455656675371518e-01
-1.000000000000000000e+00
-9.627251090870786454e-02
-3.160533049858231802e-01
-9.619811552986787806e-01
-1.783800610238044926e-01
7.458570081007731556e-01
6.121003169808798550e-01
1.688265245374825363e-01
-1.000000000000000000e+00
8.777333793132015005e-01
6.177395228252965942e-02
-7.884362051139752747e-01
4.194095714343047399e-01
-8.848503979329854774e-01
-8.630638583804414177e-01
-9.903992843624237485e-02
5.923189643166824059e-01
1.000000000000000000e+00
8.451284772179767923e-01
-5.033060585870970938e-01
-2.632671848339636078e-01
8.169753120532476098e-02
6.878804389247262785e-01
-1.000000000000000000e+00
2.187076243750664672e-01
5.344062828378850494e-01
-3.418256948409658103e-01
-7.978254038883456634e-01
1.000000000000000000e+00
3.734973073491972828e-01
-9.845157378592689357e-01
-7.867933269311591649e-02
-4.922170420817883474e-01
1.000000000000000000e+00
-8.512424369739299834e-01
-1.000000000000000000e+00
-5.038830341501490118e-01
-6.237183120778388989e-02
3.017228934485933212e-01
-3.811601855915534021e-01
3.314340511285634450e-01
-6.026415411364303976e-02
7.195179585115331067e-01
6.033159713970659421e-02
-1.993769554146748446e-01
1.000000000000000000e+00
1.885721369783535661e-02
-4.043821071541467416e-01
-1.000000000000000000e+00
7.231992504952737821e-01
3.942830862957382165e-01
5.684724986461420215e-02
1.445128174907885921e-01
3.001940771049870227e-01
-4.786732706446856223e-01
-8.675066755660006956e-01
-7.990203125995812838e-01
-6.089637986192244501e-01
-4.291109451851298773e-01
2.103546317963755907e-01
-2.018067568251115107e-01
1.000000000000000000e+00
-8.039412818236968405e-01
-7.782671922697689260e-01
-3.834642348640536214e-01
-4.106754160257189423e-01
-6.896087071415651915e-01
1.735713236702158269e-01
8.862416027792182627e-01
-6.845514844357641904e-01
5.868712081738647335e-02
-1.205884298799435039e-01
-9.376605038364920208e-01
-9.171499192069949569e-01
-7.549524232014276359e-01
1.295454523956321713e-01
-1.330517269188548068e-01
-8.357202994174939281e-02
-6.499719016500071778e-01
-1.000000000000000000e+00
-2.159377734729935883e-01
-5.163762423106066368e-01
9.100700203531274513e-01
-5.953645613262884551e-01
-1.000000000000000000e+00
-7.240844377134989518e-01
1.000000000000000000e+00
3.224060670686809682e-02
-8.449115808094229685e-01
6.973327764239408699e-01
9.014527845241676607e-01
-9.156601046453733961e-01
1.000000000000000000e+00
4.201694900137599720e-01
1.867378841266368883e-01
-5.366049901682335976e-01
-1.332775246151545190e-01
-5.074426637717284472e-02
5.917229130494612299e-01
-6.348852008120126067e-01
-2.817385334798865326e-01
-7.694890965139911110e-01
-8.248211569239140006e-01
-8.735452406579796714e-01
-3.743269273160482191e-01
5.404569634910504350e-01
3.836186614206512080e-01
-5.601180202433367894e-01
1.000000000000000000e+00
-8.171558582500626500e-02
-8.289867769477675674e-01
-3.768998216822710967e-01
9.713258992481896836e-01
2.214506833001691211e-01
7.538587088058165131e-01
8.954204516054484198e-02
-9.895218008961945699e-01
8.990964205188423097e-01
-9.602334789121749203e-01
-7.625736747692020145e-01
1.540793556336564063e-01
1.234502357537271555e-01
-3.082827867978572556e-01
-1.000000000000000000e+00
1.000000000000000000e+00
-4.106951781526343992e-01
2.893617685437587794e-01
9.342799484167607638e-02
-5.260490897131130383e-01
5.494784711299305346e-01
8.126174670949317669e-01
1.000000000000000000e+00
-8.488824086660708979e-01
-5.793110059972035319e-01
1.000000000000000000e+00
-1.000000000000000000e+00
4.900597647336466522e-01
-4.778444180802560726e-01
-1.538739633512680172e-01
5.594573005985497005e-01
8.206894372039983399e-01
7.070126319652659808e-01
-8.281644899452793585e-01
-4.714551997318056631e-01
1.000000000000000000e+00
1.000000000000000000e+00
-1.000000000000000000e+00
6.208920681241509865e-01
-1.000000000000000000e+00
-5.744748955072305485e-02
-4.777653995017847044e-01
8.619053650521528720e-01
-8.147145307062558794e-01
-9.892798834388057960e-01
1.768002588237367334e-01
4.262576969333004007e-01
-9.207798816242813711e-01
-5.507012465189627948e-01
9.800165614272655645e-01
6.078103686506192149e-02
-8.860739473966142699e-01
8.448226264394284035e-01
-5.825998933990446105e-01
-1.442380686011564550e-01
7.136581913960410306e-01
2.268762268049774877e-01
1.000000000000000000e+00
-9.789756386286190271e-01
-8.451908012642517232e-01
-1.627521462439538713e-01
7.222901108726071939e-01
6.952360475732413114e-01
6.631210093093935498e-01
-5.513658498422469023e-01
-4.504817422478024080e-01
2.595085279162334113e-01
4.966891528255831800e-01
3.211592162216703183e-01
4.022407757831949482e-01
-4.671400721118721400e-01
-1.084871508983505928e-01
6.604449605209904428e-01
1.000000000000000000e+00
3.583444592677800800e-01
7.498205145863395815e-01
-6.351936506064086441e-01
6.500453402096361133e-01
-4.585287530170760739e-01
-3.312717685718062355e-01
8.413474320607270407e-01
5.348535590012796215e-01
-5.864485582556084875e-01
-3.251036714831153640e-01
-2.881812314873387071e-01
1.000000000000000000e+00
1.616535265193685678e-01
-7.938508581306938927e-01
3.452406695741285780e-01
-1.850258767311937502e-01
-1.000000000000000000e+00
2.381030080134748650e-01
-7.281671975761906390e-01
1.000000000000000000e+00
5.285164968329266744e-01
6.753531716744333169e-01
-5.189249714049606332e-01
5.472191783534416931e-01
-9.893069891208495781e-01
-1.609033445413186048e-01
-3.990152403420135219e-01
9.131288916329357574e-01
5.464992954139347159e-01
9.194832897386366888e-01
-4.451596673383041436e-01
-8.207842822757553947e-01
-1.150960224728609232e-01
-1.000000000000000000e+00
-1.609128232034836847e-01
7.228741576384586920e-02
-3.655108874557063681e-01
-2.958799985801804366e-01
-2.307616445978141195e-01
-6.558315454996048732e-01
