-5.308245803956259667e-01
8.776453643263821824e-01
-7.163437193701840955e-02
5.276270276840221429e-01
5.895661360234678572e-01
-3.531911141465969850e-01
9.827517667870273588e-01
-4.101691620181179276e-01
-6.828338062112486728e-01
3.133927379101045796e-01
-4.240914847501733864e-01
1.289749734907846834e-02
-5.981204813826461741e-01
-6.508202497293903432e-01
3.729047872074852665e-01
1.660874037698413519e-01
8.583831618055125512e-01
-6.575734773873844752e-01
-5.510209641736256714e-01
-1.000000000000000000e+00
9.649195882881739239e-02
-5.297398549070497786e-01
-9.851963106045510399e-01
6.339164155971235837e-02
-5.388714910059553276e-01
-1.000000000000000000e+00
6.734435215137173358e-01
1.000000000000000000e+00
2.612863404770101594e-01
2.734499707751965047e-01
-1.000000000000000000e+00
-1.164165405671829939e-01
5.542149676510710332e-01
-3.043872654938256650e-02
9.207033668781544611e-01
-7.491031610730232160e-01
-6.724742187341009592e-01
6.248233898787352025e-01
-9.595307820272109822e-01
-4.036659558040217588e-01
-6.910442768724888163e-01
4.317294266448243878e-01
3.240626430450720130e-02
-8.260125138507546927e-01
8.746584092621993989e-01
-4.449079910592523834e-01
-1.000000000000000000e+00
-6.637138402185540631e-01
2.662594480908088701e-01
-5.678511443924481039e-01
-4.832187931679580717e-01
1.094989946963497718e-01
-1.000000000000000000e+00
6.419809052905456337e-01
-2.950844362795820852e-01
-1.000000000000000000e+00
-3.881955211106635772e-01
1.586907037965629153e-01
-9.166110520018867502e-01
-8.658659828510404388e-01
-1.943942927569402290e-01
6.499798506013426680e-01
6.406217500797178888e-02
4.307210085793271581e-01
-7.075731409115670889e-02
-1.284786490587237762e-01
1.576915009031143178e-01
3.464597560924613240e-01
8.270637188159661868e-01
-7.287501456993643600e-01
-3.526858078508479655e-02
9.034615235656150434e-01
-5.530627057175705463e-01
-9.048230362344438227e-01
-1.000000000000000000e+00
-7.743027487558746813e-01
8.032618010597876168e-01
-6.924010601918437757e-01
3.649406390021830426e-01
-1.000000000000000000e+00
-2.711600380187588755e-01
-1.000000000000000000e+00
-3.585200245739987301e-01
-7.982306392247358051e-01
9.242023668734850039e-02
-1.000000000000000000e+00
-1.606193727020102102e-01
-1.000000000000000000e+00
6.580717159043133480e-01
7.546654622385001732e-01
2.624731140621353043e-01
-4.001583561334833838e-01
8.516326923161898765e-01
2.714317779472609216e-01
5.737245503572580008e-01
-1.786549166048800041e-01
7.265632158507103755e-01
-7.120308997177520194e-01
-4.646484205460112982e-01
9.475713915294572409e-01
8.941863777882592679e-01
4.482198806393143942e-01
-8.051390942415823648e-01
-3.875351032278613328e-01
9.559837700069515609e-01
-2.212318051944653363e-01
-2.015474303478467788e-01
3.999511124558073893e-01
4.407367935365002487e-01
4.785536620676524855e-01
-4.298007871714085715e-01
5.943736639637571262e-01
2.354086652784620481e-01
-9.449176876588580853e-01
-5.223676551725741080e-01
1.585825266268449663e-01
4.466505855981202089e-01
-1.000000000000000000e+00
-6.316178836273533825e-01
-1.000000000000000000e+00
-6.291812594928009039e-01
4.108498682051857642e-01
1.160714478559759510e-01
7.725538097168502816e-01
8.977250298371303172e-01
7.792376325559108308e-01
6.369708265170512806e-01
-8.111082434295346921e-01
-4.403678500492304304e-02
3.710032608771843959e-02
-6.545358669487315595e-01
8.876474516650182389e-01
-1.118221831656706078e-01
-5.733287020473336604e-01
6.050909214472158792e-01
-7.654014433566437292e-01
-6.668189431359237140e-01
-1.000000000000000000e+00
-7.321973585193379819e-01
-2.373722921746359849e-01
-3.191775618353021038e-01
1.000000000000000000e+00
-5.324233105243698638e-01
9.389488438496783607e-01
5.172214202280608353e-01
-6.816195122729956646e-01
-2.027775694216946978e-01
3.909807619388607769e-01
-4.531843535446054561e-01
4.643620789216499345e-01
5.050247390948144899e-01
1.000000000000000000e+00
9.300080230306428941e-01
-4.171625758402541240e-01
-1.826689659410805078e-01
-6.073619172849686887e-01
-7.498375344533646514e-01
-2.138283942100187573e-01
-1.411969693646001611e-01
9.707107123893409240e-01
1.000000000000000000e+00
-3.729230343839259332e-01
-2.715875657138531740e-01
-2.410442965471072674e-01
1.000000000000000000e+00
1.000000000000000000e+00
5.725548888493849908e-01
-6.606269138086859338e-02
-2.768032944928455752e-01
7.986717213977070906e-02
-3.118681149827279842e-01
-1.000000000000000000e+00
-7.323273676320040115e-01
8.279671560106347528e-01
8.286010274298545308e-01
6.041077593411108282e-01
6.325693024993788161e-01
-7.224484089630993644e-01
4.682221784644402529e-01
1.367044377720333104e-01
6.622493996008886885e-01
8.548531074747971470e-01
1.045256829604479520e-01
6.073500360421634214e-01
5.581690905103151579e-01
-8.971370843910886350e-02
-1.660845479756887233e-01
8.002828232546439491e-01
1.000000000000000000e+00
-1.223473816226090249e-01
5.921374771022132055e-01
-9.213798010020981533e-01
3.482911378502445143e-01
-1.000000000000000000e+00
3.426211792418232260e-01
9.435224047842618589e-01
-3.773291862890029158e-01
1.000000000000000000e+00
4.550236026791416588e-01
-5.952259198520049033e-01
-1.595317957594974412e-03
-1.000000000000000000e+00
-3.530888879873126524e-02
-3.640983267332773554e-01
1.000000000000000000e+00
-8.062472306756724993e-01
-3.010729169151326046e-01
1.000000000000000000e+00
-7.171071338302961728e-02
-4.929468082558307596e-01
-4.217559015379609422e-01
-5.095536042350590211e-01
-1.213044999005488261e-01
9.878191645926227560e-01
8.345830519722107210e-01
-8.027729566857570997e-01
4.783017915438774748e-01
-1.000000000000000000e+00
1.000000000000000000e+00
8.101854441445818233e-01
-3.451301417839807706e-01
5.752400175791740899e-01
2.733327459175466725e-02
-5.269365162429358040e-01
-5.755394904394872668e-01
-4.974138172739698271e-01
3.199355619885089208e-01
-4.653608155043754135e-01
8.940319344475375352e-02
1.000000000000000000e+00
-8.089750599163858524e-01
-9.731118163686272027e-01
-7.209427817322339171e-01
-8.124964738482285398e-01
1.377184229915334179e-01
-4.435176832743075170e-01
6.512948776223919101e-01
2.744522584681803878e-01
2.130563201847478216e-01
4.549391150837603925e-01
-8.937410923337258950e-01
3.301901917948092402e-01
-1.911567874252200205e-01
-3.689484266179399174e-01
6.256087132273794316e-01
-1.000000000000000000e+00
-6.462551409939478742e-01
5.796503270880828396e-01
5.074908779677084203e-01
-4.020285153773045517e-01
-1.286020430005642423e-02
-8.923363752289532602e-01
9.842497907941454294e-01
1.783707526504818008e-01
-5.823081461958266036e-01
-3.891689497931816177e-01
7.150769970707073764e-01
3.029844776144094420e-01
-9.287863910811560153e-01
-4.975474745602752047e-01
1.237319713371856644e-02
-5.881744933905912465e-01
2.078268709727017494e-01
9.099592800862427167e-01
-3.390142517485961737e-01
