6.986446037051472491e-01
-3.021031659147845883e-01
7.592074970822579871e-01
6.626633185174088947e-01
-6.299582902402698359e-01
9.974184410178662530e-01
2.119814772090418964e-01
-5.184379174405608914e-01
-5.689987277562787993e-01
7.613664801119079950e-05
-9.050342379494468181e-01
-1.866359944086189437e-01
1.682220557934630822e-01
-8.745224258119486116e-01
6.106497387635826390e-01
5.399791212813050967e-01
1.000000000000000000e+00
8.678100907976469269e-01
-1.852338623680961915e-01
2.877485096874320969e-01
-1.000000000000000000e+00
-5.385096042107573311e-01
1.000000000000000000e+00
6.806049530881652654e-02
-2.014032433760291341e-01
-6.223546981220204888e-01
9.763322933244619195e-01
-1.000000000000000000e+00
-5.301128389839084853e-01
3.025933175627475435e-01
8.766180759223438645e-01
7.542005276623604537e-01
-1.000000000000000000e+00
4.886523417019340010e-01
-4.754248618573708729e-02
1.000000000000000000e+00
1.000000000000000000e+00
3.512092880285836438e-01
1.000000000000000000e+00
8.259911819696830193e-02
9.124783031488115093e-01
9.951136437711085581e-01
1.000000000000000000e+00
-6.916838210089396588e-01
-2.495319435743860448e-01
-1.088310432616545476e-01
-5.675712639233727597e-01
6.807237298050600183e-01
-4.366495298495700617e-01
7.028101228496315134e-01
2.877262078294615666e-01
-6.854947032159808273e-01
5.386496383964296530e-01
-5.056747549211686454e-01
-1.000000000000000000e+00
-8.100041335535143050e-01
-1.000000000000000000e+00
5.910816688445599265e-01
1.000000000000000000e+00
-1.837886226551426749e-01
-2.755008176745455950e-01
-4.044566132424375904e-01
4.603008324554264674e-01
5.847355635741875446e-01
-6.422954767269455356e-01
-7.230460072831224050e-01
5.855013103805318808e-01
-7.773877526603070187e-01
-5.417439523633430509e-01
5.605605197671421625e-01
1.052525055168630624e-01
1.384810136260653524e-01
-1.000000000000000000e+00
6.091597921919941205e-01
4.497981006926470293e-01
1.000000000000000000e+00
-1.000000000000000000e+00
-6.550494228091869875e-01
-7.450386235168807159e-02
-7.894107269409214034e-01
5.172973284378357128e-01
-1.005431022736527902e-01
-5.544102015235221614e-01
-1.000000000000000000e+00
3.669970809035265069e-01
-5.263136329201183877e-02
-9.074515813763210925e-01
-3.681083311308738226e-01
1.387341670155208817e-01
-8.950232146358919616e-01
-3.110328478698163798e-02
7.927563583240305745e-01
-4.243223503851151213e-02
8.431484145070228253e-01
1.000000000000000000e+00
9.003541143375043410e-01
-1.396507523980737298e-01
-1.000000000000000000e+00
-3.197566849307414971e-01
3.018056723295775567e-01
-1.016081960207746993e-01
2.493669924959862894e-01
2.925572446793254233e-01
-7.823049808712430053e-01
-5.160421994142412316e-01
-1.738093096653992586e-01
1.000000000000000000e+00
-1.000000000000000000e+00
5.779060313102468704e-01
3.909455139035178384e-03
-2.351724492626855456e-01
-1.000000000000000000e+00
-3.080627122123653638e-01
-2.978930778407208324e-01
9.469630840718086251e-01
8.693929891195109061e-01
-8.054616193063210972e-01
-5.105770175315480497e-01
-1.115224187239105547e-02
8.714747171737159404e-01
-9.380111195135634738e-02
7.453461286621284598e-01
-3.359117662339791699e-01
-9.603153577182755862e-01
1.000000000000000000e+00
-7.318820651867025129e-01
-2.468554745872742484e-01
7.202283836189274924e-01
-5.715058945258333356e-01
-3.258254766596224705e-01
8.925190123454697089e-01
7.622388693428913675e-02
8.085773357749518331e-01
2.404740668587083130e-01
1.348127471665540034e-01
7.545975384937848585e-01
-1.000000000000000000e+00
7.137752131688068769e-01
7.882622297626671326e-01
2.319383409253016337e-01
-7.357115332931379870e-01
1.000000000000000000e+00
-3.905938410741973676e-01
1.529631558552544957e-01
6.443426766680557805e-01
4.222149704013942184e-01
-1.000000000000000000e+00
7.564111733868967846e-01
7.966083394646800153e-01
-2.232919877801445574e-01
8.637823742202284105e-01
7.521369057971481753e-02
-3.126597560602449866e-01
-7.973266224039468053e-01
-8.099898193612449226e-01
1.186337937107754398e-02
7.960619357865610368e-01
1.000000000000000000e+00
-4.643383498876535453e-01
5.640706090114859794e-01
7.823641944160861783e-01
-7.716037376731467168e-01
-8.010130821021657077e-01
-6.291219221985264731e-01
7.981912489628427698e-01
-1.691019510351467470e-01
-7.491699117225101290e-01
8.765373708525358021e-01
5.844479382360655562e-01
1.511446517453726712e-01
-1.000000000000000000e+00
-4.699311158950550960e-01
2.181566684667562983e-01
-1.694458055641541450e-01
7.579623417629250959e-01
-4.018009491567181013e-01
5.860456067954185055e-01
4.929542189244343620e-01
-1.000000000000000000e+00
-6.998159469771612073e-01
4.031877965039412648e-01
4.609867985995059203e-01
4.951046120227362013e-01
-1.386973786222599203e-01
4.846044617297313728e-01
-4.200892801143898403e-01
6.202587128575969277e-01
4.579622528031619400e-01
9.305125549096590065e-01
-4.237101409443259636e-01
-4.797725303997389668e-02
6.793072512193139012e-01
-9.727914417708688477e-01
-1.000000000000000000e+00
3.916528112912061599e-01
4.318390098396380217e-01
9.609897372198912269e-01
-3.297672522870409573e-01
3.035921550676324854e-01
-6.729435294269500156e-01
4.580816914192690770e-01
-5.365621412621364161e-01
5.629481081886394955e-01
1.000000000000000000e+00
2.264245388507280521e-01
3.986961509999840114e-01
-5.188387462024079966e-01
1.000000000000000000e+00
8.406699950254454823e-01
1.648775735683706278e-01
-1.340978677238694461e-01
-3.502227272706617267e-01
-8.924630566065591686e-02
-3.488960761871987004e-01
1.000000000000000000e+00
-4.170441901329858814e-01
7.916949641204181765e-01
-9.072192382848368597e-01
5.501318331516399374e-01
-2.225155474594581184e-01
-7.476512033513730282e-01
6.415556900644853178e-01
-5.992208699674848038e-01
-6.049393687687611987e-01
-9.232723639668991567e-01
8.520958926904467212e-01
-7.055412525076412145e-01
1.000000000000000000e+00
-4.436566983580411683e-01
-5.953601612888783645e-01
-4.290266063495594417e-02
-8.378563341754908800e-01
4.075374914375974877e-01
1.000000000000000000e+00
-9.181806751164672820e-02
-1.000000000000000000e+00
8.973419148271748469e-01
3.610179413836734352e-01
-2.524937951937419878e-02
-2.215510178586220791e-01
4.535431556749510151e-01
5.769720556496338304e-01
-4.169799529543972150e-01
9.124674501418594819e-01
7.153424355406466928e-01
-8.318041690973067004e-01
-8.051811184011067324e-01
-4.570260148462737537e-01
2.542454952674958468e-01
1.698661079239837113e-01
9.526948761304641078e-01
-7.365486623779375908e-01
-1.096490639135472289e-01
-3.587119851003639504e-01
8.323133723001666651e-01
-2.129097103128485269e-01
-9.907724789622052164e-02
9.033695163302222220e-01
9.228870892974986306e-01
4.174645371612039635e-01
5.008465968030387239e-02
-1.000000000000000000e+00
1.000000000000000000e+00
1.651032024068962989e-01
5.185804159924326528e-01
