-3.228521690400776301e-02
1.000000000000000000e+00
5.739031087970023481e-01
-3.058615670408252329e-01
-3.279833934279358099e-01
-9.534573413874368741e-01
9.326656053094168897e-01
-7.354386245185562387e-01
3.145612117701400701e-01
5.238069454356542032e-01
3.292234918167311064e-01
-9.117945848396518116e-01
-2.977301356382471842e-01
-1.748060313557126821e-01
1.000000000000000000e+00
5.355740718427364211e-01
3.231052586416726657e-01
2.079139939182488295e-01
4.483800347359617744e-02
-3.437154738284097788e-01
-3.846342377278478275e-01
-7.383302378035162539e-01
4.713362597026429235e-01
-1.498651767783369948e-01
3.998018070236861732e-01
3.515839529475093261e-01
7.534563509312948160e-01
5.970755009305345196e-01
5.783984598483673523e-01
-7.026432322709642575e-01
7.346635184949272812e-01
-2.308244427816649180e-01
-1.982398851358032621e-01
-2.805098424381748390e-01
6.635567957700092556e-01
9.433557585784215771e-01
-3.811263914449145584e-01
-8.572269056389426600e-01
7.850633278096565970e-01
-7.474576352868961271e-01
6.860192663769992816e-01
-8.534201734451085652e-01
-4.441238713811750394e-01
-9.650559695978632169e-01
5.919587908301559009e-01
-6.728149904973665940e-01
-7.825990796146721218e-01
8.573154012837924665e-01
-1.849785118026928132e-01
1.000000000000000000e+00
7.915345407117586607e-01
-9.294836290293337910e-01
1.000000000000000000e+00
2.630427659335600743e-01
5.820326324553857233e-01
1.000000000000000000e+00
8.031907427773653518e-01
-1.000000000000000000e+00
1.000000000000000000e+00
-6.683677556537892528e-01
-9.531640627584203607e-02
-6.683950758335167608e-01
-4.394210865915967879e-01
-3.530716595502367827e-01
6.585126634403444257e-01
-6.614821568006944430e-01
7.008068142713063109e-01
-5.901265770661074939e-01
5.321703465040661385e-01
3.922879213083199645e-01
4.220876775973663730e-01
4.976812841795126285e-01
8.561015962840053950e-01
-1.000000000000000000e+00
-1.572211751593428908e-01
7.129130268545318394e-01
-1.338990123725984915e-01
2.502500680802766109e-02
-4.159843389840902628e-01
-4.647044985092109171e-01
6.894198813640102230e-01
-5.659647386126069879e-01
-2.080746214301741615e-01
4.767313367520841227e-01
-1.000000000000000000e+00
-1.136146364809702269e-02
4.345872495433705796e-01
-1.727807095364863599e-01
7.367046115482108748e-01
6.057808820732321076e-01
5.118800938161338632e-01
-4.024692028467535265e-01
7.116443627313802089e-01
-1.526192500451916678e-01
-2.470524107497173438e-01
-6.083515701607360437e-01
7.432648990528034627e-01
-8.639497606561623577e-01
-8.587877121740650210e-01
2.885345945764964393e-01
1.905151130812018923e-01
-6.977243006476423481e-01
6.532166915749842984e-02
2.992107173981713997e-01
1.000000000000000000e+00
3.604146285404614680e-01
4.643840000165309068e-01
-4.283505822935071983e-01
1.986003775690325379e-01
-6.776148662684521318e-01
6.864289996223723600e-01
8.318277982200945608e-01
4.165229945627064723e-01
-2.476657755421240448e-01
-7.993297849536856736e-01
-4.275587040617033208e-01
1.000000000000000000e+00
-3.948095149908242840e-01
-3.036450612273012828e-01
8.215263011096369805e-01
8.617124312866826230e-01
7.617551927099613929e-01
-5.181005091557561171e-01
-2.901481483738626577e-01
-6.719629900956525237e-01
9.458553612411541023e-01
2.204896358703019865e-01
-3.163912837682474333e-01
7.907066193201277571e-01
-1.660404427623420609e-01
-1.000000000000000000e+00
-1.000000000000000000e+00
5.428227024412815016e-01
1.000000000000000000e+00
-7.791524763546256449e-02
5.404850526808547828e-01
7.608621314322281393e-01
1.000000000000000000e+00
-6.069800735669506064e-02
-6.636275427546970418e-01
-9.341912598637795995e-01
-6.861431118188388023e-02
-6.414652492963357489e-01
5.068734918720209093e-01
4.290788884953806726e-01
-6.895264798883113944e-01
4.697446721569995542e-01
9.619676682186051320e-01
7.338549908039704306e-01
-1.259185142187265183e-01
-2.822558025320127673e-01
2.928166682785500741e-01
1.000000000000000000e+00
2.808762105202217141e-02
8.824178979414969148e-02
8.863521342560487515e-01
-8.583967491366462088e-02
2.746884777961550173e-01
-5.313432573915953805e-01
1.310873030279287033e-01
-4.791167500472335306e-01
8.709593244165207970e-01
4.742153469779751274e-01
-6.309762434188581626e-01
-8.860270396415195204e-01
-8.429427837227776443e-02
-1.063667505707032584e-01
9.730045836218407240e-01
1.002476813077157469e-01
-3.461188215507218224e-01
-4.619927145013148495e-01
-6.047783391290619814e-01
8.977125411799997678e-01
2.568844325741595491e-01
7.318382427653724598e-02
2.952239885292295418e-01
8.079584571089277745e-01
-7.682094960527974248e-02
-9.910526188407914328e-02
8.298883829867069739e-01
7.593125779759498650e-01
1.859653410162738496e-01
-2.867474900308852881e-01
9.042537041737157555e-01
1.079482973677141910e-01
-7.276766573747760480e-01
6.431314593651169531e-01
8.017373196674506541e-01
5.643580971968643611e-01
-1.268800325054282030e-01
1.435414205603045140e-02
-6.861547966571270862e-01
6.686835305154630316e-01
2.500078833675628553e-02
-1.000000000000000000e+00
1.000000000000000000e+00
5.640019859553081494e-01
8.523639505292018859e-01
-4.844764243268078197e-01
1.596650272084958189e-01
8.293856557112058159e-01
-5.344541619042976199e-01
-6.685832943778887705e-01
-6.186085006669628239e-01
-8.601644531590194598e-01
-5.859382919019369418e-02
1.000000000000000000e+00
-6.904865305322915869e-02
-2.906130016886329104e-01
3.493098119070131569e-02
7.293308291616059647e-01
2.089443876916474707e-01
7.185003054386018828e-01
-1.208785853653382286e-01
2.863368172605116335e-01
-8.087629378481601128e-01
4.657820055601147313e-02
1.000000000000000000e+00
9.754378958885777662e-01
-1.000000000000000000e+00
1.000000000000000000e+00
-4.647694113651850145e-01
1.556246983593214117e-01
3.995719005461415563e-01
4.798985329846951475e-01
-2.809013824828008876e-01
-1.456224127364549037e-01
5.464381035841779921e-01
4.033362855136962688e-02
-6.257277272882202368e-01
-9.118835482566287620e-01
-1.000000000000000000e+00
-2.296804884391817347e-01
9.637830569742226183e-01
6.403371280443351798e-01
1.495797650582094684e-01
-1.532241308761040366e-01
-5.790485635374873485e-01
-1.853323345351867435e-01
-5.822106147159620271e-01
-6.059144953307110670e-01
8.486878250585874195e-01
1.520503668188881718e-01
8.678806837380800276e-01
2.018967589795120920e-01
8.007732230198630896e-01
-3.831650230430205251e-01
-3.326754499922996988e-01
5.810246857066262427e-01
3.408742940812558020e-01
-5.120876655342068151e-01
-1.883779037088474939e-01
-5.678002915002519080e-01
-4.739796281339596629e-01
-5.046717453062374847e-01
-6.523274560160685631e-01
-1.624180157276685493e-02
2.323898205030920372e-01
-3.531719538266407943e-01
5.536383319460865815e-01
-9.508472658343952721e-02
-3.337772670003221753e-01
1.000000000000000000e+00
4.194585091865535853e-01
6.909087080873447251e-01
