4.440455619854149494e-01
-7.455285475810405904e-01
-9.132653617359198783e-01
5.696003758218046720e-01
9.960296831098248704e-01
-8.674891206011863254e-01
-9.812697298596304574e-01
9.868521381036502449e-01
-8.099156531275988335e-01
-6.265608121960311028e-01
-1.491733418226266761e-01
4.747448116671211527e-02
-8.337180523589349246e-02
4.794332017571285576e-01
2.431444456769891183e-01
-4.975652548415057663e-01
1.169141586138979783e-01
-8.991368353488711218e-01
5.626780486733153896e-01
-1.458285228315160387e-01
-5.967665272239400798e-01
9.227730811333284544e-01
-1.000000000000000000e+00
-1.002528076579789484e-01
5.846675629434134880e-01
-7.564922014005364126e-01
7.830690743959078937e-01
1.818232764527701883e-01
5.640677100172999392e-01
6.763423538167893101e-01
-1.000000000000000000e+00
6.440702749110345238e-01
8.624558741129830786e-01
-5.592997947139479731e-01
-8.231187471891768803e-01
6.812990185159280010e-01
-9.693830320235728992e-01
1.445394974773014096e-01
-9.426539921182395254e-01
-1.298917519813727051e-01
1.000000000000000000e+00
7.135054479116382797e-01
5.306116036498662591e-01
-7.324218770649877364e-01
1.087680182192934247e-01
2.518956054687627732e-01
-3.614357584543851365e-01
7.639734439671206356e-01
1.000000000000000000e+00
-8.435246596850686229e-01
3.584281503223600840e-01
-8.543476813023164196e-01
3.963494478447928682e-01
4.701932921401885679e-01
1.000000000000000000e+00
1.920817147248194967e-01
-5.396399832756932913e-01
-2.361741084110913214e-01
-2.400442460107876652e-02
-1.000000000000000000e+00
3.549906871696352773e-01
-8.473140181776461777e-01
-3.601690409850148988e-01
8.418128768121824201e-01
-4.215781504343267538e-02
-8.520199986696781469e-01
-3.958993823029375303e-01
-7.279342084728823714e-02
3.255233465159662054e-01
-9.540365093321387935e-01
5.105838228473347229e-01
5.480747459136211530e-01
-7.374837487793436397e-01
-6.850442182738373242e-01
1.436934376767374510e-01
5.004712185113884271e-01
-2.580757005052994879e-01
-7.494636830274303829e-01
-3.633882287621693630e-01
-1.326657662738835453e-01
-2.043771020581652831e-01
-8.461588755263462769e-01
7.046180034008395765e-01
-4.182200293573463679e-01
-3.237329610772295418e-01
3.833253369905444963e-01
-8.655135754423879391e-01
-8.135065391064577600e-01
5.440063498465937120e-02
2.880030293889112025e-01
2.082732338754151036e-01
-5.997171027364937013e-01
-3.213061692770310951e-01
6.384601990033151875e-01
5.594868720637526938e-01
-5.395361511728445914e-01
7.448781514843392237e-01
-5.053627064048810125e-02
-9.309568753533714602e-02
-2.140602818409382824e-01
1.319112247898213963e-01
9.363658724750877349e-01
-2.917628860410211300e-01
3.900304770198594340e-01
-4.558217826327203848e-01
-4.203844843345340698e-01
3.624799088317062767e-01
1.000000000000000000e+00
2.405287678679793317e-01
5.549397901865604776e-01
-6.616193946985702290e-01
-4.195593627984022245e-01
-3.769984271951772881e-01
2.411607346532176344e-01
4.039305925475439318e-01
-8.847362502021387520e-01
-7.946198556630743037e-02
-1.435953970647524391e-02
1.499094517563114293e-01
4.243451931294446866e-01
-3.499343907119335517e-01
-7.553790227162664461e-01
-9.414314442888258583e-01
-3.889662013756822745e-01
-6.070101520442891530e-02
7.799999832480609685e-01
-9.242356271001778145e-01
-5.823699547539019639e-01
-8.394103978272433597e-01
1.438919481795304656e-01
-9.487526575782354032e-02
5.528282325352891213e-01
2.302463502270719609e-01
9.808758653616195256e-01
-7.635138044021713144e-01
8.491276726139469488e-01
-1.000000000000000000e+00
8.376234636291670643e-01
3.752168487807172603e-01
3.620617372419804303e-02
4.954420239612081223e-01
-1.000000000000000000e+00
9.510540631729681449e-01
-1.415592363151425837e-01
-2.767311969599547394e-01
7.951228520392053523e-02
-9.860591782268391947e-01
9.457299445777482827e-01
1.438400729686397095e-01
7.825038874088553476e-01
-3.579769364831520972e-01
-3.665213141764249727e-01
2.589037519211994098e-01
3.369556033439066178e-01
-3.640675492453217255e-02
7.715333830271345894e-01
2.380091003137912997e-01
-7.816623598658002381e-01
-7.756155908552675449e-02
-9.190470981240717041e-01
2.596543764495236051e-01
8.147321125989377411e-01
5.205329887809028167e-01
9.007675097839201728e-01
5.467867702340321046e-01
-5.089303299139982806e-02
8.165359969073963109e-01
5.052900091694046969e-01
1.594487354201614138e-01
-6.337101751629209412e-01
6.995130721298248311e-01
-3.715448824885127510e-01
3.809714082200429952e-01
-8.365172214793906713e-01
-4.500242298722073597e-02
5.802654807421177008e-01
1.000000000000000000e+00
-1.481159986699349951e-01
3.825549481247902950e-01
1.660348240512050100e-01
-8.927020565255209261e-01
2.594769027014161566e-01
-3.677585346106768127e-01
-8.269317485608057572e-02
1.000000000000000000e+00
-6.891434158341024352e-01
2.266810655892526061e-01
8.259061670286868551e-02
-8.742837702995156501e-01
-2.163293184724013329e-01
6.976444847996429166e-01
2.425425881933737093e-01
-6.409681586639517370e-01
1.770860384027748702e-01
9.452805067912781189e-02
3.998150303755499957e-01
9.807114892315478283e-01
1.770357642292086642e-01
-5.148051096779595603e-01
-4.418574875958359849e-01
4.203611557868181525e-01
-2.636034285868554261e-01
1.000000000000000000e+00
4.804845074882779787e-02
5.866808183003964228e-01
6.926629688330360191e-01
-6.650367843726718853e-01
5.734910166011961685e-01
-8.965941103451472438e-01
-6.735313362973662787e-01
5.738387988628406156e-01
6.326793036453299823e-01
5.726944766248834862e-01
4.128384357391252646e-01
-1.677318156742476085e-01
-1.681771931731336212e-01
5.372332147702101324e-01
-2.833550448108959063e-01
9.287096228371278794e-01
-9.962147387645068353e-01
-5.149110471887448082e-01
5.758125916152053714e-01
4.136507412449354909e-02
6.758109280592792256e-01
8.777310349890391494e-01
1.000000000000000000e+00
3.148809848116846388e-01
9.456991006924280185e-01
-1.714103502922533773e-01
5.861186490244898462e-01
8.310344974251936412e-01
-7.389259682053862521e-01
9.269520753243709610e-01
-4.898782058140915829e-01
-4.896762537303256391e-02
-1.000000000000000000e+00
-3.676692141171599149e-01
-6.323588931893766585e-01
1.000000000000000000e+00
-7.618509951387266721e-01
-1.000000000000000000e+00
-8.939210789919497246e-01
8.891995799007443857e-01
1.000000000000000000e+00
1.129590313462723872e-01
-9.825983230765659160e-01
3.779924891793283170e-01
6.881638623934801524e-01
-8.740140943571735876e-01
6.271976480261619580e-01
-1.549017081143498620e-01
2.728869857002713673e-04
-1.000000000000000000e+00
7.496530376914017912e-02
-1.228280697317714054e-01
-2.378975598029520189e-01
-7.986370855016252657e-01
-1.000000000000000000e+00
-1.574651638208462989e-01
-4.143656105041452209e-01
1.000000000000000000e+00
4.095090324554152561e-01
5.433804443625500635e-01
7.319207529645691546e-01
-7.946681318200339295e-01
