-2.384322735601015486e-01
6.706982117789681563e-01
-8.326639167838506550e-01
6.903062210826174105e-01
1.443458352290720725e-01
1.618874358494134802e-01
-6.440007875262043768e-01
6.689075059765102749e-01
-1.048644098246976908e-01
6.047612923578503663e-01
-2.773726003809773299e-01
-2.560239551376788381e-01
-5.023682556892988815e-02
1.000000000000000000e+00
8.642736306574165805e-01
5.736284936356071673e-02
-1.000000000000000000e+00
2.466408610071409435e-01
6.497322230170974322e-01
1.951625475149151856e-01
-6.125278563091388628e-01
1.000000000000000000e+00
-1.000000000000000000e+00
-2.207028159681795887e-01
-3.624461509732604947e-01
6.627922808711529390e-01
1.000000000000000000e+00
1.711222290116017342e-01
-8.435894072952484501e-01
7.593775267578054544e-01
6.685327677967277671e-01
1.000000000000000000e+00
-2.411503379639612366e-02
5.020515702061387198e-02
-8.184458843045235854e-01
1.474518111313670166e-01
3.144497457612028812e-01
-2.279942415758747232e-01
-5.316923982003207011e-02
-8.397945250631970726e-01
6.542631650863210968e-01
1.000000000000000000e+00
3.519171197447419352e-01
8.091087591108725441e-01
-7.472275448237410966e-01
-4.727481812681333384e-01
7.662679271959133009e-01
-6.725432553114418788e-01
-8.694688832870692830e-01
-7.149740815212326517e-01
-2.118804950201181869e-01
2.649564933268980238e-01
-6.629414429136089026e-01
1.693411437036428380e-01
-2.869426456805115877e-01
1.000000000000000000e+00
-1.000000000000000000e+00
-5.745956500413361701e-01
6.330307568301450916e-01
-9.363698695523258175e-01
-3.983993618877443854e-01
-1.443496919543145185e-01
9.979667352547316739e-02
8.798019430762999971e-01
-3.590228914547667349e-01
8.077462841703852980e-01
-1.620820883909351029e-01
-7.436533215858266432e-01
4.642087444909678839e-01
6.756246160671273149e-01
-9.884794339704938704e-01
-6.010078224515185141e-01
1.079066747469227538e-01
-1.569923216371449104e-01
-6.179183597942751183e-01
9.638149669425102317e-01
-2.780755364805015395e-01
1.000000000000000000e+00
-9.538974060431670843e-01
5.505711943836997246e-01
-1.000000000000000000e+00
1.443564176230220930e-01
-3.203258052782483878e-01
3.436325993964028380e-01
-3.452491270097368670e-01
6.782074164796710880e-01
3.642138603035092737e-01
1.000000000000000000e+00
-6.267903969101068506e-01
7.017357817017386701e-01
-1.293217200930844857e-01
-9.760374376281535369e-01
-3.076640384451516108e-01
-5.774053910778405019e-01
4.331185031017501519e-01
5.982144574426884187e-01
3.031549431242248627e-01
-1.148315442143140741e-01
5.936700318987480074e-01
1.985679037907042144e-01
-6.189776696481927853e-01
-5.015141386415004066e-01
-3.841376474236793404e-02
5.201769918392945558e-02
1.344518035601866696e-02
-5.315896176618973845e-01
-7.102760266438004066e-01
-5.929339944965604514e-03
3.185613752493819950e-01
-6.672128795733965889e-01
3.541584549259059189e-01
5.430694833847397041e-01
8.048566045496586829e-01
3.616047203235139840e-01
-8.472827562159394033e-01
1.000000000000000000e+00
6.679273745305029930e-01
-1.863195797974678547e-01
9.716058697928468824e-02
2.088354595392324931e-01
6.984099227722825320e-01
-2.795871834683458235e-02
4.317202361755855811e-01
-5.730150224119765490e-01
1.325756266486812218e-01
1.242820083892019339e-01
-1.000000000000000000e+00
-6.547580149361718060e-01
8.786937881794532057e-01
9.376492313202215989e-01
7.793207040764491556e-01
-2.021136081640675930e-01
-3.748666381802441272e-01
-5.374673582018144602e-01
7.813185566034358542e-01
-4.737487602679819609e-01
1.748508133453375857e-01
-6.052040615071107021e-01
-6.778145652084567319e-01
9.275494631210225993e-01
-3.760384258753560194e-02
3.305454343160250108e-01
5.748982149688134508e-02
-7.993239500869047109e-01
3.013838683497691573e-01
2.855535373334279203e-01
1.000000000000000000e+00
-3.388759937412216816e-02
6.178649102592153053e-01
5.650777942162124035e-01
6.859894417964063074e-02
-5.044763566449694814e-01
1.576676591543227091e-01
6.367332936386322917e-01
8.032497217689031910e-01
-6.229714085710836846e-01
1.737492444069187458e-01
-9.172872788250383547e-01
7.890164673885756708e-01
-6.934863051806748890e-01
-7.147319408005878838e-01
5.132168064264258645e-01
-3.413698618752488700e-01
-2.141376637449669829e-01
3.317222143270339152e-01
1.000000000000000000e+00
9.548753826651560361e-01
-3.713279723444324887e-01
-8.714672364774349589e-01
7.471484763501725634e-01
-5.637701536587519380e-01
-6.198615837767270653e-01
2.948458507237450288e-01
-1.338957668269861734e-01
-4.856931610146443812e-01
-3.208417817467319744e-02
-5.122506616053270623e-01
-8.657865506778948950e-01
-7.295967789646745638e-01
2.450838262311712812e-01
-5.002057189268886983e-01
-3.014798984557299222e-01
1.305158914465060771e-01
5.509468042688014933e-01
-9.610194387325901033e-01
6.614410400485817298e-01
5.193555768434237052e-01
5.793369438100059998e-01
-2.319047012873806102e-01
5.563625116372825086e-02
-1.000000000000000000e+00
2.123550127062377724e-02
-5.311749098036541716e-03
-7.612506637952894950e-01
6.622364793343912259e-01
2.674424936515666928e-01
-5.998221771196063923e-01
1.655294688491124044e-02
4.517930908683765456e-01
-4.658323068564860781e-01
4.686817643344130535e-01
-4.546296437015324710e-01
-6.325670052351717310e-01
6.385084132832505865e-01
4.811778934131303309e-01
3.209023899345364583e-01
4.288956893929543601e-01
-4.318703827693300412e-01
-6.402896708817875648e-01
-9.737532279940576130e-01
-3.827473741891891379e-01
-3.530739747381873850e-02
-3.341865802184124101e-01
-1.316855019424453266e-01
-9.535024628669007685e-01
1.000000000000000000e+00
5.323531738727640406e-01
-9.508874138033537871e-02
8.562314764350422713e-01
6.075490331003416955e-01
7.026916823985329685e-01
-1.000000000000000000e+00
3.881388264873958382e-01
7.909968574875787528e-01
6.973099572487818643e-01
-8.494305085230124952e-02
-3.333550589444234657e-01
1.000000000000000000e+00
4.261223494439921877e-01
-8.768285359880028107e-01
-7.773701216971000694e-01
3.154649662700383383e-01
-2.597851310223688870e-01
-4.217431802390660400e-01
-2.901313304064497278e-01
7.875765498469349257e-01
1.000000000000000000e+00
-8.353339678866676943e-01
-1.141535731467429454e-01
4.027579041155943673e-01
-2.488787578026274150e-01
-4.733702282312617915e-01
8.152031192148360139e-01
-9.544667200452817968e-02
-3.458426694103505783e-01
-3.405575398628817863e-01
-9.325141000901066013e-02
7.926119481858793225e-01
8.428921631285145599e-01
8.039475155966933073e-01
5.775188659771253175e-01
-1.000000000000000000e+00
-1.409755181498777432e-01
-6.148151540055166731e-01
4.507449706440692649e-01
4.033356774141713119e-01
1.604536515364431704e-01
1.009327961739645008e-01
6.618995677569468050e-01
-1.689812840375432001e-01
-3.383586410380906573e-01
1.000000000000000000e+00
4.197047913815465381e-01
7.142890849856744495e-01
-4.950371843707749298e-01
