-6.733138544932448788e-01
4.907374037858167615e-01
9.497660779280865384e-01
-9.869890388356394872e-01
2.715880312080585224e-01
9.745947768917979648e-01
8.328796596035925592e-01
4.493615478575918587e-02
9.852573339343630998e-01
2.318943954186636347e-01
6.327516003292454894e-01
-2.335272382902187083e-01
-5.522084912443114835e-01
2.298635507073032436e-02
4.852125922011072401e-01
7.134988227063367994e-01
-9.719386388421580314e-01
-3.862503026893706615e-01
8.087312138202600309e-01
-8.238840129801403567e-01
5.694849363046359247e-01
-1.347015710189931603e-01
7.385350823518344043e-01
1.448131954742124528e-01
7.349587305351419353e-01
9.514681972791112496e-01
-2.229970956941398352e-01
8.763082320932598090e-01
-7.297227947001119208e-01
-4.734389425591647438e-01
-5.858314367101429276e-01
-9.130034626731380332e-01
7.930473767731331947e-01
9.051035912383547100e-01
-8.977509300997033037e-01
-5.171363120935550395e-01
8.573482106927667878e-01
-4.625111213134180943e-02
-5.233957437989420480e-01
2.795877532621486861e-01
3.500581999398197919e-01
-2.480691455867845008e-02
9.862889402532286631e-01
-3.138143595616609272e-01
1.544755441540375251e-01
-7.874017594687823252e-01
3.428553684056203643e-01
6.239505349761902409e-01
3.574862388655817291e-01
-2.805218177787967004e-01
-2.913625015347294234e-01
4.949269545801329162e-01
-3.256869652499119194e-01
2.286512299126943759e-01
4.340359247723213354e-01
-4.044108541690387693e-01
6.728089525320724018e-01
1.188416282913846711e-01
-9.081382685339349781e-01
3.981489616346522986e-01
4.015059478094289425e-01
1.841870336248614404e-01
4.205497234635080517e-02
1.408807567244194647e-01
4.414596498445526596e-01
7.013912499519974197e-01
-1.375245935155129384e-01
5.556378312373821959e-01
-7.788736619637122160e-01
2.547042555695115951e-01
-8.025961631992200029e-01
7.951746281157139329e-01
7.890639197492397283e-01
-8.904242519566962777e-02
-6.969031528435272183e-01
3.724242131928277022e-01
-5.816038188802929998e-01
-7.760806932024693072e-01
7.408890413027549027e-01
2.045234981920343031e-01
-1.035445045761518301e-01
-2.577608110025162436e-01
-2.524126071229202406e-01
7.754952802722412386e-01
7.461051816224559818e-01
-4.789710927773445093e-01
5.758103730462398318e-01
-9.979456530488282073e-01
-6.637963161363500397e-01
6.030193267926453604e-01
-1.112925493481424777e-01
-7.077456597426514673e-01
3.587639111947726889e-02
-5.722691813434712671e-01
9.717505947692719470e-01
-5.757072078479354982e-01
-3.759355471583676334e-01
-1.434513339145855326e-01
-6.722991601844079401e-01
-9.780017299363628069e-01
-9.382933061230689376e-01
-2.784659693632007826e-01
7.985942130488732360e-02
-3.211919892554204736e-03
4.529403321478462363e-01
-3.236197250211017007e-01
-7.299904658679305935e-01
6.377373548158686845e-01
-5.563891383014252234e-02
5.780429324515936607e-01
6.651030426945505614e-01
8.256363691724160070e-01
6.497325560274085365e-01
9.667728193491542665e-01
1.557322893126151797e-01
-1.605478332408600828e-01
1.475979775978888409e-01
1.562518155441332546e-01
7.500836468068194929e-01
4.764699248704631351e-01
-3.491991327585002303e-01
-3.025200607653606433e-01
3.783985697052449915e-01
8.642251085080256967e-01
4.931240372659084770e-01
-6.415110388540170572e-01
8.659225868929578684e-01
8.219377028729968337e-01
9.358135355706147518e-01
5.655384667361857964e-01
-3.365711409846012803e-01
8.409992783157191898e-01
-9.471641882757957376e-01
6.365458318150283290e-01
-7.011083804655169338e-01
4.254346866283065243e-01
-4.432640283991817753e-03
-7.975363525800915898e-01
3.471460231543732622e-01
-1.030736660300137775e-01
7.094428807944135329e-01
-4.772207537651167453e-01
-4.548365865407533182e-01
-8.702549690839989083e-01
7.177531727795283256e-01
3.240997049401421748e-01
5.192493896374930085e-01
6.475672265044549736e-01
-7.440847690123579827e-01
9.238753917291542272e-02
7.717356020876826594e-01
8.736870232156952465e-01
-3.414934235602449242e-01
-4.829088948285011895e-01
-7.105043267973683019e-01
-6.322345772421713583e-01
1.126322748855312916e-02
8.874022213297965145e-01
7.432753219322227878e-01
1.179852428900378669e-01
3.481278680370207823e-01
9.526675037928695744e-01
3.778893106950236280e-01
9.747718389856383503e-01
8.985750903382587751e-01
1.233226938500604497e-01
9.284702648431115701e-01
3.710224865689357721e-01
1.320656458859568172e-01
3.521810881473743660e-01
7.085506876396403531e-01
8.345358572783077022e-01
-3.033473293826178807e-01
-3.049874329852075849e-01
2.005040962651016834e-02
-7.332595126946057640e-01
9.756687672738169059e-01
-4.347458998403281871e-01
5.862389670750933757e-01
9.602445859903689929e-01
7.869466365004826880e-01
-2.414853662153764180e-01
4.032946122180893767e-01
-6.034287043965231856e-01
-7.263712233175136923e-01
-6.147102271522135730e-01
-4.451316305796595429e-01
-9.905677370724819131e-01
-2.321296624682851473e-01
-4.721101104653773195e-01
2.559479061923073395e-01
2.124623067575039936e-01
-3.333735252657630266e-01
4.029068874440127068e-01
-6.168652387534756532e-01
-1.332597654438831825e-01
-2.138615981709341973e-01
-5.470901906080853916e-01
7.789395680416340007e-01
-4.227280186790258742e-01
7.218441323488666850e-01
7.934708759427462343e-01
9.562326803479903603e-01
-4.159075067949808968e-01
8.959279259856074429e-01
3.767856125424249303e-01
-8.364745276664908857e-01
8.426968791426199257e-01
-1.758119801416933026e-01
6.352234214071712515e-01
-2.206017689456905018e-01
1.736808807306708946e-01
4.215607515779489223e-01
5.219257321625003776e-01
8.017730795083657380e-01
2.193814346737215093e-01
9.594286698482301645e-02
-6.432201085871973589e-01
-1.284756125505366331e-01
5.867109293117762636e-01
-8.372770376785374502e-01
-3.988250803181514481e-01
-3.302511162517254295e-01
-5.516828838771858923e-01
-6.436959171948071212e-01
6.001553097086311794e-01
-2.781574358236893474e-01
4.980435817419457400e-01
-2.344761971182873772e-02
3.047348228568806938e-01
-6.970121087980487573e-01
6.273397935983204832e-02
1.068624080724593917e-01
3.510042607803054437e-02
-9.786816437971705973e-01
4.854007489055796043e-01
-1.659583042805861108e-01
3.243282340559883181e-01
4.488032404660664554e-01
1.857794161838284275e-01
-3.587074155186431579e-01
2.824916149592124892e-01
-8.968669048384698694e-01
-9.336781316253484064e-02
-9.371748920643498959e-01
5.608766699645471032e-01
-4.057336204430772586e-01
4.306721196602718571e-01
-1.999293903286882834e-01
-3.716748327985146538e-01
-5.708522403957501101e-01
9.767968195438452295e-01
6.597309567416447251e-01
-7.614173554427350332e-02
4.463937593967659545e-02
-2.962003839911919734e-02
-7.425594459394093683e-01
2.755125713095438744e-01
9.012509266488799575e-02
4.272482439626843487e-01
-9.042606094679555007e-01
3.698443388658592124e-01
-6.777645559763398886e-01
9.237948299792919649e-02
-2.262652466401131601e-01
