-7.781288180734775572e-01
-4.938155022702926944e-01
-4.081739721170106749e-01
2.653111402595059731e-01
-6.307274802036890726e-01
4.369853539600385139e-01
3.169530461987500325e-01
-5.436369585801684168e-02
2.471715595681719391e-01
-7.985437413065284984e-01
-3.332119345069326499e-01
-2.079515030602268333e-01
-1.000000000000000000e+00
7.816518693099873127e-01
4.113796166921840358e-01
-1.000000000000000000e+00
4.370977191389006089e-01
-5.391196941447558011e-01
8.116764307318721228e-01
-1.454102151790281350e-01
4.005874281764058575e-01
-3.789299623175652609e-01
-1.000000000000000000e+00
1.000000000000000000e+00
3.950880085025820221e-01
-2.392033472563468433e-01
-1.073034876556294703e-02
-8.360104599876521103e-01
-7.674715982430549976e-01
7.024390961201230077e-01
-4.417559584118799232e-01
-3.573664221615173719e-01
7.950257483705521766e-01
-1.708335726796656184e-01
1.895077134725317580e-01
-2.070578416685394663e-01
1.000000000000000000e+00
6.040171660516051588e-01
-1.000000000000000000e+00
2.771141723719208194e-01
7.981588165950563862e-01
-5.484962140034188582e-01
8.154880421726145023e-01
-1.777954605560702339e-01
1.000000000000000000e+00
-9.599575502464477439e-02
9.237019075244828903e-02
-3.856337472481054518e-01
1.000000000000000000e+00
-1.818236528484288850e-01
9.658920456861419535e-02
-6.208498273283681590e-02
9.953114923856214435e-01
-2.180614994568827736e-01
4.411163572528538634e-01
5.430263227742843091e-03
-7.648948666461581336e-01
-7.893599000089757123e-01
9.700147360433251098e-01
3.502787094302697857e-03
-7.067857697610787637e-01
-7.743817270161839073e-01
1.000000000000000000e+00
-2.640063745071470347e-01
4.443299786352813974e-01
8.594806358536606350e-01
-7.491396800208999229e-02
2.097701344752989083e-02
1.612690539441805904e-01
3.392237398561442907e-01
5.054367077195836000e-01
4.775791908341786574e-01
9.989419554892058351e-01
7.144626390258127513e-01
7.179871524036276487e-01
5.207507441393872671e-01
-5.646248699932076009e-01
4.539940944846023729e-01
8.610856544570296700e-01
6.846166423353050590e-01
-4.349191946855089919e-01
5.623369202211351281e-01
-1.777093278700295209e-01
4.817487026952974594e-01
3.370839162651678711e-01
3.830846554533162140e-01
5.577363121626699449e-01
-1.313609260162396375e-01
-1.000000000000000000e+00
4.866970553130703925e-01
2.087343956313398308e-01
2.736248440161174744e-01
-4.897391917107046799e-01
-1.839444580190210121e-01
7.775694671692958693e-01
1.000000000000000000e+00
3.615083456918035537e-02
9.768511405612499976e-01
-8.307265832668339067e-01
-6.585607312397471214e-01
7.611084496148929901e-01
-1.000000000000000000e+00
-8.886444199231713359e-01
-5.590182622996053841e-02
-7.161992197179851971e-02
7.836079483851144944e-01
-3.556463517060893809e-01
-7.412222874619558421e-01
-9.019446505525883229e-01
-2.871561470602335131e-01
-4.986041148151525992e-01
1.205309077992505751e-01
-3.878710507396828655e-01
-3.139812248092656577e-01
8.539821324729371943e-01
-4.681871240296606174e-03
6.805293260292133439e-01
-3.451227002132239985e-01
6.493151408347421771e-01
9.672642133468466463e-01
8.342406247499554173e-01
2.084074519567886974e-01
-1.000000000000000000e+00
9.363191256120626527e-01
5.007385867530643742e-01
7.426024375014793621e-01
3.535800052323392340e-01
5.625734302330998027e-01
1.000000000000000000e+00
2.256687895218193185e-01
4.899216782215077282e-01
-6.645837741860477488e-01
3.234793763192089222e-01
-7.155101810251960348e-01
-4.347286756037340716e-01
-1.000000000000000000e+00
5.002476253115608618e-01
5.029074889665465786e-01
2.089643176541844394e-02
1.713179884764577943e-01
6.342842477022638814e-01
3.047174717891106832e-01
-1.000000000000000000e+00
-1.109916229261552478e-02
-4.866182867538327295e-01
2.205564306529634588e-01
9.568852568885453103e-01
2.639099358062453327e-01
-3.520236410732668908e-01
1.665189952909213178e-01
-7.445992435854293934e-01
9.193024070541583326e-01
1.000000000000000000e+00
7.738316864213752311e-01
-3.224599767817767915e-02
-8.424459871477559814e-01
-9.513228861490734545e-01
-9.229317699631990335e-01
-6.427515000669479228e-01
-2.888406970280024133e-01
5.815710866655983136e-01
-1.851217266965775321e-02
8.100332975879427355e-01
-1.000000000000000000e+00
-5.434783944898682329e-01
-3.812124622252843764e-01
4.953071138857026989e-01
7.966984039821174424e-01
4.190993578950638065e-01
-5.080936309023418307e-01
-9.946878457992039957e-01
5.903556511643446303e-01
-7.914011726498412225e-01
2.582220687320636587e-01
6.865279376138591072e-01
5.624472375591440393e-02
5.083673075853548662e-01
1.470034359190827700e-01
-1.000000000000000000e+00
-4.284369657626802552e-01
-8.670163339044721917e-01
7.620504372846765850e-01
-1.724235754017364730e-01
-8.294764839051658178e-01
5.513635932970042397e-01
3.040937955973588291e-01
-2.962016173886066195e-01
-6.639315152710251189e-01
8.322369619233528359e-01
-4.725909952059303420e-01
7.708618626718086730e-01
2.051384848562110841e-01
-9.652436245309437002e-01
-8.619553512679530849e-01
5.113143886774874636e-01
-4.354256109997978741e-01
-2.109890851972885950e-01
4.656852651157032952e-01
-1.000000000000000000e+00
6.381775795365682846e-01
-5.935178645282213061e-01
-3.736756514970696608e-01
-1.286233344889904096e-01
-3.379026072862281183e-01
-4.577124677115710361e-01
8.159050123454956172e-01
-2.230185619186840218e-01
-5.157132463688340884e-02
1.090278506767211608e-02
-6.439488413276264200e-01
4.264519679534598540e-01
-2.441129493317069632e-01
6.959020067284723554e-01
-1.221818052187817194e-01
6.224932846525670360e-01
-6.889492769262212102e-01
7.640840239649308030e-01
-6.859078754849241566e-01
1.700800795178430691e-01
-9.965572991085357435e-01
-5.240709729016304053e-01
3.652057230768469553e-01
2.099909293753570716e-01
1.000000000000000000e+00
-4.877045354615274775e-01
9.939670283716560695e-01
-8.105877231739666566e-01
-4.293887417441685783e-02
8.322140970689562156e-01
-5.176531628418464814e-01
-9.599492507414614240e-01
-5.300664224457924956e-01
-8.928802102771309368e-01
8.576635455513923478e-01
-5.169306243406942558e-01
-8.783429149855490614e-01
-5.570898818729748125e-01
1.615179098356741838e-01
-6.028364818821398963e-01
-7.252691568651888909e-01
1.635997262299095922e-01
-7.745173100391941068e-01
2.484173331207972513e-01
-3.762201081708467787e-01
2.036225656114429017e-01
8.124833389070180711e-01
-8.234929360669405174e-01
4.926339199021813053e-01
7.585617935097367648e-02
-5.770023790679078557e-01
3.354089874702746998e-01
1.040954335694794369e-01
3.944564083542146382e-01
1.644263227067689626e-02
-7.385305021490324862e-01
-3.276269584880536767e-01
9.849244414952650351e-01
1.281087767198161864e-01
7.100747275040570905e-01
-4.123866518875124454e-01
-1.000000000000000000e+00
-6.208826717160347286e-01
-4.627795792026365707e-01
3.603412409691770790e-01
8.921770466648453191e-01
