-6.324772301389871565e-01
-7.580552871339207854e-01
1.000000000000000000e+00
-4.361236560014590813e-01
-2.057125364294036252e-01
6.456649398584599076e-02
2.624673491463173081e-01
4.961824876532847095e-02
-4.592252742743906380e-01
1.000000000000000000e+00
5.924697001007520614e-01
-2.868321677872138764e-01
9.202327531311518261e-01
5.591899858988198108e-02
-5.093763303840312950e-01
-3.926218311226019053e-01
1.659660649765059559e-01
6.667446222933384181e-01
-1.344665170485023209e-01
-6.003491205168627332e-01
7.923201626114383389e-01
-4.451702885340857452e-01
9.365084807305572578e-01
-5.759212993468848518e-01
-7.507402749573107714e-01
5.009709351606461691e-01
-2.406989739318077248e-03
-2.620712265943200281e-01
3.493359580050540980e-02
-1.000000000000000000e+00
-5.490429874467900317e-01
-6.042132563843995996e-01
-1.002422606021710627e-01
-7.455671722180109429e-01
-1.703014050601613094e-01
-4.911843630879170197e-01
-6.306915649951547742e-01
-3.895119301248594068e-01
3.132168107405505220e-01
7.771404760103788334e-01
5.891408072241216543e-02
-9.142156906562446880e-03
2.126570839628194598e-03
3.538127067690678418e-01
5.567857573789936065e-01
-8.905504555216573470e-01
7.664027440595675422e-01
-4.286518273150465852e-01
-1.837382633429645029e-01
3.867901821006989316e-01
-5.501004221221836299e-02
7.151079257893830921e-01
8.655411925192373346e-01
-2.117972929665674631e-01
-8.370004343671699765e-01
2.115528127368236366e-01
3.359919938290645280e-01
1.000000000000000000e+00
-2.577349868427704083e-01
-1.122127390767135302e-01
-8.252789753286096097e-01
1.000000000000000000e+00
-4.396651052813282390e-01
-5.640235619001142675e-01
2.245309527911226732e-01
5.808943428110373564e-01
7.510051766895573522e-01
2.100540373277239026e-01
-2.080715128608655595e-01
-5.823911669391073076e-01
4.199781395541831719e-01
-5.104905586542982654e-01
-2.662977356083349179e-01
-1.721443069668857073e-01
-7.109604898817530882e-01
-1.000000000000000000e+00
3.403792629554261984e-01
-6.303324848439207928e-01
2.521201693170094238e-01
4.168985825059973171e-01
-5.527002496503519158e-01
2.889307874713858970e-01
7.151183169383057425e-02
2.163124119120443112e-01
5.788657436982067583e-01
-6.801151797555771150e-01
3.488043126170688457e-01
-7.838193286101399759e-02
-6.531743373153876542e-01
5.074585682064008951e-03
-8.931725661128966376e-01
1.534464221006738294e-01
-4.674888516903004110e-01
-3.636528920298507384e-01
8.429696238953995335e-01
-5.756216470863366741e-01
9.605731334842274594e-01
7.364923095870458125e-01
9.345805248664251774e-01
-9.337387045388904072e-01
-9.961483624990908892e-01
-3.262459114985071240e-01
8.138737653662369009e-01
3.107236523407189144e-02
-1.831922828020924321e-01
6.643377208712109017e-05
-2.271188374032248602e-02
1.000000000000000000e+00
9.039486704315328192e-01
-4.622476761137344070e-01
6.679135655641197378e-01
-4.090018473489098749e-01
-6.367521426244044935e-01
-4.264855328755836616e-01
7.699312920324556941e-01
-4.356414296145688647e-01
4.230790857731556165e-01
-1.000000000000000000e+00
-3.022729550853097136e-01
5.400736740496041299e-02
6.892027359894888905e-01
-8.441000988934056481e-01
-3.029986878416074392e-03
-5.965426132139632631e-02
3.735124314151364033e-01
9.578078102739290278e-01
5.093184430361613613e-01
6.046114695352738932e-01
6.079796533977303019e-01
-9.678975389381039296e-01
5.601853833135511662e-01
2.895177583119102893e-01
-5.628577834641295130e-01
-1.414747819525558059e-01
7.871435318793604807e-01
4.306892317295777373e-01
-6.633328246119075677e-01
-1.000000000000000000e+00
7.976101792016010439e-01
1.000000000000000000e+00
1.434148881599796588e-01
2.211232473631448148e-01
3.204431419359902167e-01
-8.186944283206424311e-01
-2.497825701413344257e-01
1.000000000000000000e+00
-3.265358850955127901e-01
-9.659746499261693264e-01
-9.727361945167799506e-01
6.078471838963257490e-01
2.306635009851126239e-01
-1.262986907007701831e-01
1.558250246029970754e-01
-7.074581401860383645e-01
-6.253849149974306521e-01
-8.857368848362234814e-01
-1.000000000000000000e+00
1.000000000000000000e+00
2.095767217552584327e-01
6.681988336643869264e-01
4.689360294120178407e-01
-9.999372037177056693e-01
-8.031097447320589833e-01
-1.565830646662331460e-01
-3.905796959208025498e-01
-3.205570704181119335e-01
-1.000000000000000000e+00
1.733202083994969667e-01
3.568011738328016880e-01
-9.414018169784595935e-01
-1.030908239914527513e-01
-1.692445368069186440e-01
-1.627645421609795751e-01
-1.734918895860672050e-01
-4.163920849673068414e-01
-2.675707382841174820e-01
-3.417914989489084787e-02
-6.204169641993931839e-01
6.935107612667792409e-01
5.203492928830878439e-01
-1.000000000000000000e+00
-5.196277511882730904e-01
6.816429803629567297e-02
6.639048034704433388e-01
7.037113441777227418e-01
-8.746897218259501727e-01
-3.184252090050558870e-01
2.396778138450083029e-01
-4.356429781060655593e-01
4.346630059304991134e-01
8.586878654588596671e-01
-3.934321662833746291e-01
6.965238328135048285e-01
-6.127393528257728539e-01
-1.265695597726324007e-01
7.685427398625983564e-01
-1.561258257026345575e-01
-5.927895731127346135e-01
4.596094025171793551e-01
3.166281810517871942e-01
5.776050884091530335e-01
-7.784690027083467356e-01
1.000000000000000000e+00
7.632536038435608905e-01
9.362358224619173885e-01
6.108408452206040007e-01
3.285977904390535720e-02
6.126898948525760780e-01
1.540860715869772912e-01
3.191927189624970129e-01
6.150913113360877427e-01
2.557715246010510701e-01
-7.825232748881085776e-01
-8.679646459145307080e-01
-5.001515010073573908e-01
5.559698604230521868e-01
-5.158780940078624422e-01
3.799775144988217779e-01
-8.099163310945481919e-01
1.233760596841975699e-01
6.702980237202049718e-01
-9.086163180913711113e-01
-1.000000000000000000e+00
-3.363466603731412596e-01
4.586417484082316864e-01
-9.076320893819707081e-01
-1.968628538629298985e-01
8.492973279432178835e-01
1.841633560853775387e-01
-9.399066693500536251e-01
5.186195947952885188e-01
-4.514027824955270662e-01
-3.245818922332680545e-01
-8.309049931097649278e-03
1.000000000000000000e+00
-7.914800930814556157e-01
5.548454226487115060e-01
3.339300673998681912e-01
-4.006793793718709251e-01
-4.930398721219199087e-01
1.000000000000000000e+00
3.483643183325846326e-02
-6.691220592783485577e-01
1.000000000000000000e+00
-5.342527888030251804e-01
-3.125002609382064311e-01
-6.246352508940613557e-01
1.000000000000000000e+00
4.463890959528916680e-01
7.570408857801499969e-02
-2.870432594598932297e-01
8.195444011172631216e-01
8.058681967786970324e-01
5.237678223637720620e-01
4.281706082773624189e-01
-5.379449035232439780e-01
-1.000000000000000000e+00
2.085972308981243750e-01
4.806321083467713362e-01
-2.831774217815824501e-01
8.124739297997852772e-01
7.273005382101879190e-01
9.803134606671268791e-01
1.000000000000000000e+00
-7.179972415824079635e-01
