-1.668238992062415493e-01
-6.428454355017541033e-01
-5.697173262326167276e-01
1.000000000000000000e+00
6.959052507485037342e-01
1.052361633630202187e-01
1.000000000000000000e+00
4.205244852434079084e-01
-3.605015981928235136e-01
6.939328438099801044e-01
2.271262130488009567e-01
-5.128809171309383075e-01
-9.196979540660573660e-01
-9.661089848732847818e-01
-1.000000000000000000e+00
6.515710295792730422e-01
-6.816853942891389906e-01
6.927745475294504185e-02
-7.060357945125109724e-01
2.468097085688148451e-01
8.086628052877689043e-01
2.497753980761536208e-01
-4.100957767785997632e-01
4.480585360303141473e-01
6.472443269779432073e-01
-9.320212645900227688e-02
-4.176812076892587600e-01
2.916651782546206828e-01
-8.119346790538297665e-01
-6.297114826403019672e-01
-4.870293869238324636e-01
-1.000000000000000000e+00
-9.366671930447955097e-01
-1.361291904580615997e-01
9.990406535175959668e-01
-3.847791560851712700e-01
6.274974822534065133e-01
3.788683191559768515e-01
-2.944753799071311295e-01
-1.592272116320647690e-01
-7.992809158264471137e-01
-5.577728131716362947e-01
9.501956094442216560e-01
5.327118354951787538e-02
5.791654599797407821e-01
-1.922810784754803715e-01
9.723883060091077501e-01
-3.391240246995359531e-01
-9.660633141410720492e-01
-5.356035416713803565e-01
-9.346913428593928153e-02
3.627023619365427054e-01
-3.317701941526847720e-01
6.736010232908743456e-01
3.051381533632336884e-01
1.000000000000000000e+00
-1.000000000000000000e+00
-1.000000000000000000e+00
-5.280314694790448904e-01
-8.775891620066818000e-01
9.283370068160917699e-01
-9.151389288062818927e-01
-7.096638113874319531e-01
9.255696775109803487e-03
-1.000000000000000000e+00
6.790211579064125980e-01
-8.103540998873990375e-01
-6.258923248985425181e-01
9.172828148523688441e-01
3.225348975486124758e-01
3.252643802235860582e-03
-1.784841788628100667e-01
-2.623952508294460917e-04
-4.859080477221622285e-01
7.103520921814345801e-01
-9.267980006875708998e-01
-1.214330535888521467e-01
-1.000000000000000000e+00
-4.652944279834803076e-01
1.000000000000000000e+00
-5.928514932343771360e-01
4.942296978824636255e-01
9.369771414560160716e-01
6.963201251065670450e-01
7.657104636561308242e-01
6.033793706585668382e-01
4.303814606565730672e-01
-8.821937599735796276e-01
4.944587128876650750e-01
-9.603330271770099680e-02
6.759870501413384192e-01
-1.000000000000000000e+00
-8.596177523651782337e-01
8.635663151935010773e-02
-5.146371214704383856e-01
2.574987489389521378e-02
4.699587337567383560e-01
-1.301040511892206097e-01
1.695510034198089433e-01
7.384259105726213024e-01
2.007870198467346379e-01
6.383875140882394605e-02
4.286487046480730312e-01
2.202879078984087968e-04
-9.723219431667803891e-02
5.762934598056740354e-01
3.207911253567411469e-01
9.305009482590359537e-01
-3.612139919343280159e-01
-8.566476869671493799e-02
-4.909497220543752039e-01
4.090580789338117418e-01
8.723125362494938972e-01
4.011703917777504902e-01
1.000000000000000000e+00
-1.000000000000000000e+00
9.483748918216878820e-01
-3.737642197140782496e-01
-6.817554985279065116e-01
-4.097510697728379836e-01
2.618200567907155718e-01
-8.796115753391146042e-01
-6.384857276429392048e-01
4.397853101408015775e-01
4.496892192230596552e-01
5.484119965282716613e-01
-3.493353941460718148e-02
-2.773710454406866366e-02
-5.151513866217853899e-01
-7.281955293722894851e-01
6.956674700335931938e-01
2.405162612180149762e-01
-1.297172914033266067e-01
2.928079117605729143e-01
1.000000000000000000e+00
-5.361808071734089909e-01
9.263703442757781348e-02
-6.524897881442383030e-01
5.056189511491340216e-01
7.786750538018052392e-01
-2.010538228036551633e-01
-4.665067561516420547e-01
-8.679296904595887874e-01
-8.996493879035523111e-01
-6.714656205600512129e-01
-2.881726395509343619e-01
-1.000000000000000000e+00
-9.469316897133812638e-01
-1.000000000000000000e+00
3.824071776844604198e-01
-4.032817197823934663e-01
-5.717192290107471209e-01
-6.907412383670532563e-01
5.990529069039817189e-01
1.000000000000000000e+00
-5.801944264565381260e-02
-7.525497587007590194e-01
4.249826746537765931e-01
7.729369271788493201e-01
2.879913140308830721e-01
-7.659022791197349633e-01
7.143118098484099177e-01
7.401202107480187031e-01
-1.742094417413864726e-01
5.184335683309327925e-01
-5.601114160802125319e-01
1.893459596255585020e-01
3.839006143008767413e-01
1.000000000000000000e+00
4.762187488483352049e-01
-3.204228980405406102e-02
2.608605749464488199e-01
8.702611580953948378e-01
-2.242424469849631230e-03
-9.554448224933003164e-01
7.952580686906193241e-01
-8.037223272623552628e-01
2.031129295524417566e-01
-5.661493020942479637e-01
-5.289312642104905260e-01
1.000000000000000000e+00
2.682565397954932984e-01
-2.857567650154079208e-01
-8.373837928863463453e-01
6.093576978936546817e-01
5.377017049096123325e-01
-6.104794211220992972e-01
-7.148356955438167626e-01
-8.320337383933136266e-01
8.084332327424412767e-01
-8.804522975496309467e-01
6.896311969672643816e-01
-6.768311146179252225e-01
4.847507746172853293e-01
7.166411440268076749e-01
-9.730142648246171699e-01
2.037947174588918831e-01
7.658364884454195165e-01
-1.000000000000000000e+00
-4.225157029494503447e-01
3.986418042300183262e-01
-8.725402021754935511e-02
-3.305638880812071245e-01
5.162917761257641569e-01
-4.930432940729868596e-01
7.720071616361043887e-01
-5.160485693483229941e-01
8.232288441882729124e-03
-6.548093999711487867e-02
9.219616050983850952e-01
-1.505899571021354078e-01
2.086343972159103721e-01
4.505145534950910080e-01
9.552434740833032345e-03
-5.404980959642056160e-01
1.000000000000000000e+00
-4.155985745119165076e-01
7.402502646008611853e-01
-1.804076434307647914e-01
4.029623214656978814e-01
5.506223595581601904e-01
-4.269577595302133655e-01
-1.585160895791903612e-01
9.933197945449423472e-02
-1.000000000000000000e+00
-8.682262197617847121e-01
-7.300372749139284467e-01
-8.834373881378345672e-01
1.232563852943523719e-01
-7.846594423534265506e-01
1.217728984678690951e-01
-1.000000000000000000e+00
3.193255850332130663e-01
-1.777970496838289782e-01
1.173035491784865103e-01
-7.594257936156895150e-01
4.004811653292107421e-01
6.089253695858931614e-01
6.346877243176918260e-01
-1.044667418219293598e-01
-5.814765412722735505e-01
-6.050289718314296739e-01
-3.380725205148356616e-01
9.123584868950586069e-01
-3.806753521710600774e-01
-6.770216614798728605e-01
9.887639686320028876e-01
4.470317391176040767e-01
-1.000000000000000000e+00
1.000000000000000000e+00
1.428229916767048413e-01
4.102445480546555445e-01
-7.543151643108919613e-01
3.952052347380724528e-02
2.333471476026913460e-01
-8.182483456842553071e-01
5.530319252935644858e-01
-1.659524951073716448e-01
4.668469633127653173e-01
9.165062272685856604e-01
-9.034793628451427416e-01
2.910468895849885329e-01
1.898241657684091310e-01
5.656296693877238546e-03
-6.255936188147156463e-01
