-7.853041151219033456e-01
-7.531065093777773445e-01
1.000000000000000000e+00
-5.960441241301446258e-01
6.712426583443799055e-01
3.119444434159707180e-01
-2.175214107835617416e-01
2.846766063946327141e-01
-1.079940406020859917e-01
-4.422233521940331924e-01
-5.710781268651861087e-01
8.845498977971284482e-01
-1.633842558822352353e-01
3.187718294386291951e-01
9.446638641202699249e-01
-9.011501563016914851e-01
-8.181614762378484063e-01
-4.143411709033530121e-02
-9.859259567654719003e-01
5.737616874482209806e-01
9.756462093166731186e-01
8.693095160283029754e-01
-5.765359989414744479e-01
-2.551123118288980973e-02
-4.542508290573520346e-01
-4.142325326399927121e-01
1.928823206846888572e-02
-1.064296989430466855e-01
-2.325805064728670157e-01
7.886135704452099660e-01
3.342287894295987716e-01
1.427769129627226019e-01
-3.852462240548060191e-02
-3.366280731188779907e-01
7.990957907705711349e-01
-7.001150264565527692e-01
-8.032198508871064568e-01
3.216809063824392911e-01
7.426106481345468024e-01
1.014622537139886482e-02
-1.000000000000000000e+00
6.263548199854216403e-01
-5.689639007300200113e-01
-8.411156552878608084e-01
-8.109341520618916777e-01
-8.370050291194968128e-01
7.294283457767964940e-01
1.000000000000000000e+00
-3.228539858717510702e-02
-4.833179970686798943e-01
-7.034612540862836827e-01
6.931920133834054143e-01
4.408827835807686557e-01
5.217369038608069554e-01
8.998818897994668164e-01
1.780133259506426480e-01
-1.163159663566855628e-01
6.233047388420550616e-01
-1.000000000000000000e+00
5.864065971546186251e-01
1.000000000000000000e+00
7.554152377559615328e-01
3.845182274926166599e-01
-7.117092600138599234e-01
3.299983399512490534e-01
-7.342882470735558886e-01
7.284621941278652812e-01
3.146985830934231898e-02
4.367667912947311160e-01
-5.726040403212071528e-01
-5.011724829739152565e-01
1.791447635652945181e-01
4.622337280684295502e-01
-7.835047689601933874e-01
1.579718273111755944e-01
-1.468192779480537169e-02
5.038399154331102414e-02
-4.111298434864820162e-01
1.465533322418746676e-01
4.173622005646685507e-01
2.508866703888263938e-01
5.145522600858045692e-01
-8.130517631078738594e-01
-2.095875133950232949e-01
4.975825555458064930e-01
-3.492049527260148167e-01
7.236990894724756318e-01
-2.943787210632042850e-03
-8.146448140324432652e-01
-8.244518164411747119e-01
1.000000000000000000e+00
5.080426868723166844e-01
2.624195108800754239e-01
-2.489981949612495582e-01
-6.599832410448600584e-01
1.747198793730558863e-03
-7.018741802071284952e-02
-2.557833592907106657e-01
-1.426757037975222853e-01
-3.086031016827968654e-01
6.334545676065062025e-01
7.103393382584113347e-01
4.039721745757735016e-01
-7.417360935473332750e-02
3.889361749680887992e-01
-4.070304544191367668e-01
5.962878494390806416e-01
7.525065323476929358e-01
-5.264182500344352089e-01
3.872512970747415961e-01
4.275439174734126935e-01
-1.549130772003501910e-01
1.731276400476822186e-03
3.840668445980169321e-01
3.166639640887238816e-01
-6.710459304976741368e-01
-1.446611555371658808e-01
5.662230445738964946e-01
-4.140310433972649307e-01
-1.458320543409323267e-01
9.769178922882886251e-01
8.051127325987915695e-01
1.553268685763220525e-01
1.953217648673608586e-01
4.800196705343626191e-02
-9.964300630251707869e-01
1.780820183666829704e-01
-2.416128268132010093e-01
3.632262206763294810e-01
7.472167762420146575e-01
4.378077951272128510e-01
1.178453081382275225e-01
-1.000000000000000000e+00
1.000000000000000000e+00
9.332003082563268270e-01
-1.266909487589807370e-01
-4.963928903493606271e-01
5.227061167030159217e-01
-1.000000000000000000e+00
2.033949769275213426e-01
1.000000000000000000e+00
-1.000000000000000000e+00
-4.059330573977562029e-01
3.176687829387289108e-01
4.393281100507983039e-01
-5.304265756161090639e-01
6.488635373607780643e-01
-2.916935969872291867e-01
2.254939512108279365e-01
9.305465004789539307e-01
6.860653578446653800e-01
-3.484440176851826276e-01
2.094860909374667290e-01
1.322718844122612869e-01
5.503109326857977823e-01
8.356306215521125402e-01
-1.271898846305352104e-01
2.137315074903133327e-01
-2.086922575256209833e-01
-9.246476055054609899e-01
3.097273670448851268e-01
1.000000000000000000e+00
1.000000000000000000e+00
2.476949057672389043e-01
1.000000000000000000e+00
-2.901297994998191521e-01
-1.142442809269533788e-02
6.389062078729239591e-01
3.911236204007676603e-02
8.982185493863023007e-01
-1.000000000000000000e+00
4.497137853385100859e-01
8.715616438100801666e-01
1.420121430238129312e-01
-1.000000000000000000e+00
-4.775651364396984455e-01
-8.295156831188759128e-01
-3.673687845086559545e-01
-3.591384883757128277e-01
3.965326653496517584e-02
-9.157005944967311351e-02
5.252421752114363462e-01
-1.000000000000000000e+00
-6.350334331702066626e-01
-8.694110144398403683e-02
1.000000000000000000e+00
1.601342078729736107e-01
2.526031124779350989e-01
9.712774895989243484e-01
-1.337758392122567058e-02
-1.000000000000000000e+00
-4.962226592076247611e-01
8.626555400319771971e-01
2.685470259676847049e-01
-5.707468156750992172e-01
5.723568961119332998e-01
-4.606617096905408770e-01
-1.000000000000000000e+00
8.092126359753939457e-01
-5.204427640716278169e-01
-2.510703201057364331e-01
-4.871090895754693340e-01
-1.000000000000000000e+00
4.376128726680192371e-02
-3.171490313163540797e-01
-8.644604439898354031e-02
-7.186776813762343341e-01
2.254691180527560457e-01
1.000000000000000000e+00
-1.264954319805876581e-01
-1.000000000000000000e+00
3.804116708462518259e-01
6.605428687081522643e-01
1.000000000000000000e+00
-1.612728604249310527e-01
4.869128266407952710e-01
-1.446916849826863638e-01
3.615665796408389365e-01
1.477678315677083132e-01
-3.335929413320118941e-01
-1.000000000000000000e+00
7.394259046237616761e-01
-2.886293222205632558e-01
-4.234778908323141300e-01
-5.764302522339757040e-01
3.142558974403841798e-02
2.689552275622533184e-01
7.328481335289462884e-01
-3.336103337151750670e-01
9.399341246324228738e-01
4.579423058459557994e-01
3.333873589580467756e-01
5.266351221859126852e-01
3.753410115409332448e-01
6.937677107819546496e-01
-2.025753753549410507e-01
-1.000000000000000000e+00
1.061596520753390754e-01
-9.013977232056991085e-01
-6.287118193551555212e-02
-6.470478464414322062e-01
-8.525566980057707189e-01
3.094423230049338502e-01
-4.346921208287886085e-01
-8.501667296256729678e-01
6.526232057852004997e-01
-6.601998269700470878e-01
1.000000000000000000e+00
-5.758848793216018169e-01
-1.000000000000000000e+00
8.370376849466746316e-01
1.007023355287031130e-01
-8.711448291297522184e-01
4.092166709767747768e-01
1.638993925319575107e-01
-3.794549201888761658e-01
-6.893375440783322539e-01
4.454454587917185959e-01
-1.344565295435412589e-02
7.086079705633774317e-01
-6.202526309896400081e-01
2.862570917085385247e-01
-1.000000000000000000e+00
9.370134268215102313e-01
4.272725657803255195e-01
