-9.812795772392598481e-01
3.720472198171425049e-01
-5.141141027782223372e-01
9.034282013435056546e-01
-2.108625685141455319e-01
7.890231750121663445e-01
-3.900108700102277171e-01
-7.909667656230212618e-01
-3.295797085672082516e-01
-1.000000000000000000e+00
6.462941269151053492e-01
3.991347063418019259e-01
-7.283479121393799938e-01
-2.641992510251539583e-02
7.017951865454329363e-01
-1.660633471695822372e-01
1.265992440528944663e-01
5.601882913108846562e-01
-4.858353936071682089e-01
4.421972916286503463e-01
4.431826537785528153e-01
-5.957922503406515302e-01
1.261497142122783022e-01
7.090648067641150409e-02
4.045633574804761157e-01
-1.732647095443071716e-01
3.936033651561490765e-01
-6.294856414138503276e-01
-8.409111963968429748e-03
5.012335210072198510e-01
-2.221582301472599386e-02
8.749593181737828074e-01
-9.759156511606353890e-01
6.278782438871415295e-01
-3.994175613969482841e-01
1.534672944173463005e-01
7.028118436635690802e-01
1.832509546237461595e-01
3.200331869170742749e-01
-4.550563766148118527e-01
3.167540716930220684e-02
8.029858014703564195e-02
7.701429254993458207e-01
2.997343190315304717e-03
7.975284114038159178e-01
9.040507988256826222e-01
-6.923057047243164064e-01
-1.000000000000000000e+00
5.546495228386743026e-01
-7.335500723264697376e-01
2.823759162717411342e-01
1.000000000000000000e+00
-3.473091645014857454e-01
2.691758225486735878e-02
3.196518364040605298e-01
-4.732447580284626643e-02
-1.000000000000000000e+00
-8.546377659812107730e-01
-9.059745704861662530e-01
-3.078826052029002835e-01
-9.402970356857677237e-01
-5.348989913567121501e-01
-5.568862884153104043e-01
-5.496202071056184302e-01
-5.372289216692017755e-01
9.552953236152594840e-01
-9.603332261923218649e-01
4.795798229392979062e-01
-9.848288735850577180e-02
-5.012589018602175983e-01
6.670727259971981349e-01
2.631511826318175817e-01
-5.731500988206873481e-01
-1.000000000000000000e+00
-1.000000000000000000e+00
1.457135247498924091e-01
-5.678999133346251948e-01
4.270520893924329431e-01
7.684181378521455219e-01
-6.931828645119558763e-02
5.513322595615740562e-01
1.000000000000000000e+00
-7.456051462844124345e-01
-5.933624251540534078e-02
6.849011393370211254e-01
-7.034581898598303573e-02
-2.871318415598704266e-01
-7.860459247994520116e-01
-3.651258727376593960e-01
-1.000000000000000000e+00
-8.094663414928024991e-01
7.914565706280258794e-01
1.000000000000000000e+00
-6.143895277677717814e-01
-9.498131104038740613e-01
-9.130134159766643831e-02
4.751403877702789491e-01
-4.839902112933235911e-01
4.948468888264230259e-01
5.084389032782958839e-01
2.880196223169360636e-01
1.000000000000000000e+00
7.977687786312417373e-01
-6.763229548032562155e-02
-1.833271754508887519e-01
-5.800723808212755461e-01
-8.061073804187885994e-01
2.390994376786002851e-02
7.073873917762506514e-01
-4.776699027723874669e-01
-7.933045294796804425e-01
7.412249849778245192e-01
-1.000000000000000000e+00
8.949241673941633612e-01
-5.906534349724394950e-01
-7.163488277988514508e-01
-2.569768850193061560e-01
5.387840516687278369e-02
-4.498933151333645020e-01
-1.000000000000000000e+00
-6.994081836002565833e-01
7.950568394546962958e-01
-5.841177056394830647e-01
-3.736612299483065835e-01
-4.890102191005773480e-01
-5.669872028560209998e-01
1.000000000000000000e+00
-7.227740963251071127e-02
2.579365263433208710e-02
7.105001843272815698e-01
-1.736365140708180932e-01
2.935995067668690783e-01
4.531615213737097969e-01
2.203194466032680765e-01
3.932970757259141026e-01
4.408755121001531885e-01
7.638904539145628947e-01
-1.000000000000000000e+00
3.772493361199002471e-01
-8.392454419540154031e-01
-4.628722321828081521e-01
2.480842041045063229e-01
-4.099790578181570222e-01
3.852064964948896941e-01
9.357796707112028267e-01
-3.797524799087761971e-02
-9.525786732799277345e-01
8.915194308710107096e-01
1.169889031447741146e-01
-6.841644918965315014e-01
2.571291136219053808e-01
-1.903752802858597604e-01
3.468417475674490658e-01
2.918516475904084917e-01
-7.872637322839836083e-01
1.298776431796279107e-01
-5.168528481679820485e-01
4.290074336383262743e-01
2.135188038140099775e-01
-8.332953043735672471e-01
6.651233527604847318e-01
1.000000000000000000e+00
-2.727726809186961088e-01
3.404323012223865463e-01
-4.224212853419772040e-01
-5.903032183890255524e-01
-5.677895230916226721e-01
-2.125604089449208700e-01
9.614944866193175788e-01
-1.570656556370779722e-01
-4.688630953753871178e-01
2.238418702190913545e-01
-1.003829275872822335e-02
-8.734884081481639195e-02
2.239958547642076636e-01
6.144845182958472707e-01
-1.000000000000000000e+00
-2.049789386210609521e-01
-4.788718267089508429e-01
5.713989978122914204e-01
-2.789577691103376500e-01
-8.780762828817649801e-01
-3.572856827907147648e-01
-3.566714473588716849e-01
-1.935831234645083998e-01
-5.328150623478957737e-01
3.387801432191726581e-01
4.624784380759112690e-01
-7.863114646524731466e-01
7.601122091730008190e-01
8.077451970838327444e-01
5.966997800608303537e-02
1.000000000000000000e+00
-7.606517501601073317e-01
-6.060997864298700577e-02
-1.167842210219972726e-01
9.157222881851111440e-01
-1.733441915980581394e-01
-7.543203517506333888e-01
9.539298090463441682e-01
-1.051903966208972419e-01
4.538665071632314030e-01
6.684395643167578838e-01
-1.000000000000000000e+00
7.771046585569519882e-01
-2.746205479665729254e-01
-3.599993997722027994e-01
6.809557335677028922e-01
6.579029013816213300e-01
4.185147961279289675e-01
-6.590213522057361550e-02
2.864789190461489721e-01
5.074152252767207827e-01
5.343828952702539548e-02
-5.581783642963377146e-01
4.742239897398006082e-02
-1.000000000000000000e+00
4.317815540775591376e-01
1.038024791558389004e-01
-6.999931396343650469e-01
2.986784643496531721e-01
-6.352752326966526475e-01
-5.612967490986545682e-01
-4.299862018105913286e-01
-6.002328889386582267e-01
-7.042849724873281314e-01
7.257236548746057725e-01
4.495135638899552116e-02
6.483797606193437701e-01
-5.932021149983471853e-01
9.114118434974388672e-02
1.083921401544062912e-01
-5.495965584868466314e-01
-7.638012110697339763e-02
8.129464236437308755e-02
8.641854539416989056e-02
-1.000000000000000000e+00
-2.353913401442071507e-01
-6.914529466027631299e-01
4.516660969067304854e-01
2.458137707260238392e-02
2.459452818073391833e-01
3.101800897450573968e-01
9.243368548292516529e-01
8.746225758922240301e-01
-4.449143285929501590e-01
-4.542435332523070968e-01
7.788508191267312641e-02
-3.415719967152155978e-02
-3.512289905143179403e-01
5.210891583989806647e-02
-3.058328546576970508e-01
5.572732411971119681e-01
1.335364924657903019e-01
-9.296970396327186581e-02
-6.020286125074567618e-01
-1.684643988511957957e-01
1.669610647120279012e-01
-2.578861902018139141e-01
-6.404969120236144731e-01
4.073930910215571854e-01
1.775307795790038168e-01
5.982027495567621145e-01
1.000000000000000000e+00
3.132999595913940061e-01
