6.099301459549206772e-01
-2.483136911077536146e-01
-9.114070928133427563e-01
-8.430244227958144654e-01
8.095019120301691351e-02
-3.910847760582293886e-01
7.152333077275667694e-01
-4.686746681172958562e-01
2.491376288366698721e-01
1.000000000000000000e+00
5.866535555578900052e-01
-2.542380920495598828e-01
4.227607339405348164e-01
2.855633999846031446e-02
2.285573585846078781e-01
5.494544806345158516e-01
4.586521368871429027e-01
6.388444506521758770e-01
-7.411876294333401560e-01
-9.896671409358177574e-01
1.351223227840542274e-01
5.812178628710715778e-01
1.000000000000000000e+00
8.148853400848837802e-02
9.210869171969001679e-01
1.000000000000000000e+00
7.656392847229820386e-01
2.558368758972479062e-01
5.948066799334614796e-01
-6.448180437971071655e-01
1.000000000000000000e+00
-3.242314297586055827e-01
-1.092385002875526645e-01
-3.558887089321774999e-01
4.351009973873699033e-01
1.000000000000000000e+00
1.000000000000000000e+00
4.214207447337595114e-01
-4.259519861389914341e-01
9.028785977168162225e-01
6.914084421681044867e-01
-5.072749803272224023e-01
5.273636719178493859e-01
6.529966242881284355e-01
6.066939728444937785e-01
-3.461962547346156271e-01
3.794427098363090112e-01
3.913792338975908280e-01
-1.486866778772155673e-01
1.720615024967485363e-01
-3.879999874223842848e-01
1.000000000000000000e+00
8.903502550536501747e-02
-5.284826352312937958e-01
5.692528066515289975e-01
1.500215446447331624e-01
8.414196714916162279e-01
-4.686833942378292317e-01
3.252994501087370649e-01
2.333153523601279034e-01
-6.118148722981362475e-01
-9.159693035371579972e-01
-1.000000000000000000e+00
-8.507605870909459300e-01
1.000000000000000000e+00
-7.488836810381954701e-01
-1.000000000000000000e+00
-4.513729600932795960e-01
-9.007295712289046241e-01
8.512467945644297540e-01
-7.264171969421941988e-01
-9.255908025821136809e-01
1.864155009505482075e-01
9.249211878021301736e-01
-9.233612975709248882e-01
-3.843656909761092311e-01
7.009459829156082789e-01
-8.835663797101538375e-01
5.341797030264722190e-02
6.272759524701505551e-01
8.686107950176883419e-01
7.521011718718786376e-01
4.031835785875562683e-01
1.856216989630762870e-02
-1.357630648489704939e-04
7.256252855766219811e-01
-4.886871058187931549e-01
-6.313167273658641943e-01
-8.201504686715481718e-01
4.979561637613587610e-01
-4.174707995035945585e-01
6.260300756609653572e-01
6.888693582917995162e-01
-1.000000000000000000e+00
7.016408072077326974e-01
5.811659446663548501e-01
5.195856451251441577e-01
6.065121537313464262e-02
-9.363893326300831710e-01
-1.876537937831238012e-01
-2.717019281371018113e-01
-2.780339838272203323e-01
-1.551584584615572360e-01
-4.010878404774136374e-01
-9.865247537806762224e-02
-3.909623085657216723e-01
-3.046249139223149438e-01
-6.614207292725137188e-01
-3.456682756578067228e-01
-1.533234909386902434e-01
9.564867950716815503e-03
9.502242839845401745e-01
-1.976785901009557311e-01
-2.976814333093246168e-01
-7.489119371142300974e-01
8.041976989295901435e-01
-6.045441188296579033e-02
-1.520142579805975058e-01
1.000000000000000000e+00
8.663284494959145876e-01
4.838842050311890214e-02
6.559363863690256258e-01
-3.761488598479303391e-01
-5.618880611190278929e-01
-4.169013482103943735e-01
8.228485717167339786e-01
-1.876721825681055000e-01
-1.258864238093903853e-01
-6.996776899493671598e-02
-1.933366146897385618e-01
2.302607960547420618e-01
-9.535816596865687167e-01
-5.567566776103990284e-02
-2.239548350771034257e-01
-1.053171606980910641e-01
-4.540912933725944067e-01
6.963070370162953715e-01
1.416637091141602078e-01
-1.970864432733980542e-01
-5.254675113864556435e-01
2.855947726412476628e-01
8.320411699113829940e-01
3.872782906068922282e-01
8.203537009217327647e-01
-3.204722139360293154e-01
4.077325375307099264e-01
9.822741253592849331e-01
-1.000000000000000000e+00
-1.000000000000000000e+00
4.601705238057008929e-01
-6.774854839715668264e-01
-4.160329294671979428e-01
-1.000000000000000000e+00
-2.333071423936640409e-01
-1.182269408273745603e-01
-2.254007774328897207e-01
5.553472088203673662e-01
-7.369799963657110986e-01
-3.286629279037210916e-01
7.933309734631923682e-01
-4.478861699817069941e-01
5.671438014575308495e-01
8.280419950877053736e-01
7.041484790887696521e-01
4.790462306768419332e-01
-3.780167866368294716e-02
-2.779422428348055085e-02
-8.806670847443774930e-01
2.133934744879191214e-01
9.656942965353852992e-01
9.877867925543760697e-01
-4.519214667995595791e-01
1.000000000000000000e+00
-6.692218969918523053e-02
-4.455112145574648408e-01
4.765223860126348299e-02
-5.732027284735680128e-03
1.000000000000000000e+00
-2.925208539674664099e-01
-5.527443647260585902e-01
5.967839699511073848e-01
-4.282575153373857635e-01
-1.000000000000000000e+00
-6.488988868615380712e-01
2.309045096861468416e-01
-4.128507462012855900e-01
-1.018613726490272264e-01
-1.786428156776836973e-02
-2.949386109093170560e-01
7.114406316497370875e-02
-3.610959076718804617e-02
2.834129266309657336e-01
1.000000000000000000e+00
2.774808956056931675e-02
5.970654822547410978e-01
5.446335933005534979e-01
-4.295605380394452999e-03
4.209448022899053843e-01
-7.282464799149814816e-01
-6.804586866491685315e-01
-8.206994128322739335e-02
6.942450942141062953e-01
2.414811058176301595e-01
-1.091085646315149843e-01
1.233027258203909515e-01
7.731685305251826401e-01
3.761148967623597072e-01
3.217326941539055962e-01
-6.193378225255657954e-01
8.410153247582712044e-02
3.679085254642112113e-01
8.072649348092243438e-01
-3.827817446192089967e-01
3.981425365897234281e-01
-1.000000000000000000e+00
-4.169579491205137600e-01
-1.734812878180996831e-02
2.977062965041618603e-01
4.254048821597795627e-01
-5.332806039436900347e-01
-2.902182873600523960e-01
-9.643008475000242052e-01
2.612632316244106745e-01
4.683790155270812772e-01
-1.878935231248438364e-01
-6.349622995068646691e-01
-1.467180617745923732e-01
-4.082260195428399907e-02
2.783920725177601030e-01
8.621311348159304000e-01
5.817064803493591230e-01
7.102628933092243191e-01
5.915853773387460546e-01
2.532106406104825957e-01
-5.141052011894048368e-01
-1.367894351491741323e-01
-2.172833317252316210e-01
-6.673290361437722584e-01
5.762801159385035898e-01
2.614192636339553177e-02
-2.040547065050853093e-01
-1.467292697968917980e-01
2.869442972756692800e-01
-1.000000000000000000e+00
-4.450948623614861543e-01
9.376823424601130608e-01
7.160565864366356115e-01
4.699449459271816398e-02
-2.937597681681308748e-01
-8.501307959611691389e-01
7.848149501750216750e-01
-6.244670758416999146e-01
8.423998747942650356e-01
6.903309575930101083e-01
7.905674983166630643e-01
4.736462754523533825e-01
-5.827169700361405358e-01
7.182191088476292951e-01
-5.769924178715850616e-01
7.843791289136499145e-01
-5.577833020851683532e-01
-4.962293510884285830e-01
4.161035331555572037e-01
-1.143531598356293255e-01
-4.972740655672536203e-01
