3.536677026027560400e-01
-5.478157213169085882e-01
-6.114563264700215162e-02
6.362106123204249730e-01
-6.538173088276637568e-01
2.667307105204486106e-02
4.306543654733735460e-03
5.595733970962962767e-01
-1.201585820953381262e-01
-1.677120158897248969e-01
-3.772014695152408614e-01
6.671510688655875043e-01
-4.788157977360633089e-01
-7.271278632431715794e-02
-3.007771447154571898e-01
-5.595800668545588552e-01
-4.777767161031332144e-01
-1.000000000000000000e+00
-6.197516331723939009e-01
-1.010602765562292338e-01
9.079207334666482554e-01
-4.160854728170289563e-01
-6.131428534100662187e-02
1.000000000000000000e+00
5.028034976067630168e-01
-8.456216452013785023e-01
2.483741211123709491e-01
-1.541168812839855962e-01
-1.000000000000000000e+00
3.066516859782002502e-01
-3.537391338300827637e-01
-3.489605533098297796e-01
-5.172174625967450590e-01
1.000000000000000000e+00
5.501755515099775867e-02
4.024356409323842088e-01
-1.566264801029187970e-01
3.244666408527028395e-03
4.910770662497067063e-01
-6.205895780247423499e-01
1.000000000000000000e+00
6.656362801103790083e-01
-3.205569835558520486e-01
-6.606794739278969431e-01
-1.854018621416749779e-01
-5.097734731953917908e-01
-1.749379019498932819e-01
-1.000000000000000000e+00
-8.460912649368429461e-01
-5.747266054001487490e-01
5.097733888146082082e-01
-1.000000000000000000e+00
-2.046176270779850037e-01
-3.315575358994226063e-01
2.378667374937435408e-01
1.000000000000000000e+00
-1.745727483242149880e-01
-5.654974430693746612e-01
4.239350363836201230e-01
-1.926390781060658142e-01
3.764931404455901937e-02
-7.057294416395043513e-01
-5.522819334497570676e-01
-8.438818731489740044e-01
-9.928388531089822333e-01
1.138156610928401924e-01
5.781780538938470215e-01
-1.932239067770447419e-02
-2.077624647815826953e-01
-8.180029479510945167e-01
-1.000000000000000000e+00
3.668458375862074794e-01
-1.000000000000000000e+00
-2.444216001900769986e-01
-2.098152829354554827e-02
3.293177351480562898e-01
8.856699496028319629e-01
-7.846794019869860470e-01
1.952966335018027355e-01
-9.614034714997219400e-01
5.535065984101682490e-01
-3.890995131721657896e-01
5.915201814489017274e-01
-9.037193319235507782e-02
6.899124182234513958e-01
9.109343701314622788e-01
1.000000000000000000e+00
-1.000000000000000000e+00
-1.651941089758552084e-01
-7.289207927421215150e-01
2.535246770125766380e-01
9.457725080389706163e-02
8.848459171210319996e-01
-1.000000000000000000e+00
-1.000000000000000000e+00
1.000000000000000000e+00
2.432749070789938517e-02
-8.178840448618774905e-01
-6.481195328697071378e-01
-8.569153793406195652e-01
8.171682949181023892e-01
-3.880443986416173274e-01
-1.000000000000000000e+00
2.177235416741638840e-01
-7.940659376802915448e-01
-1.000000000000000000e+00
3.556064410774321671e-01
-2.881307537950576481e-01
3.932772314074071129e-01
-2.142287318184642464e-01
9.763631885485916095e-01
8.242995501236916045e-01
-4.780958412335396535e-01
-6.924674604844854864e-02
-1.000000000000000000e+00
-6.408544702781491242e-01
8.617272810536626970e-01
-9.008165177262519308e-01
-1.995280091196456607e-01
3.357229968888778560e-01
-3.585100863706540686e-01
4.287454768280124506e-01
3.780698254129384872e-01
-2.977565365204684622e-02
-9.488851879373821907e-02
-4.465137957289657678e-01
1.000000000000000000e+00
1.814199067556330758e-01
-3.428307375915926603e-01
-8.218882895854808801e-01
-3.922079336734140553e-01
-3.953616571566430649e-01
8.968046779720898476e-01
-1.249101478306418322e-01
-1.207559298705607742e-01
1.000000000000000000e+00
-1.000000000000000000e+00
-4.197922699456816398e-01
3.113809195608030489e-01
-1.000000000000000000e+00
1.214570815576720558e-01
-5.167768087810633570e-01
4.573922021870704402e-01
1.000000000000000000e+00
-7.068374912023829282e-01
7.462377416969658839e-01
2.332135387677779503e-01
-8.627166433104535015e-01
4.426132130034965417e-02
-3.661499641858345089e-01
-1.562630126914404255e-02
-4.308688368535106283e-01
-6.361781108105339921e-01
8.655141579081034875e-01
-7.477148623035175801e-01
8.962102315380406914e-01
-3.278955362370398197e-01
-5.537998928557270606e-01
-5.895144761111382747e-01
-8.156934580967754034e-01
1.479484538977119124e-01
6.832278956794657354e-01
9.822211216851943760e-01
6.448491275593004612e-02
1.000000000000000000e+00
5.317793299214799152e-01
-3.279013815262556975e-01
-6.389321863295703841e-01
-7.332854184721001589e-01
-1.576996737749557231e-02
4.414964742689603261e-01
5.548792954787644671e-01
7.874199057176268779e-01
4.766490193910203343e-01
1.000000000000000000e+00
-2.583983818419831602e-01
9.180842831571597307e-01
-4.748913668679058953e-01
-5.741247027761142707e-01
-5.412093187035524888e-01
-4.887041147958394172e-01
5.224327898323740671e-01
-5.788769958717268072e-01
-3.153206776605539940e-01
-4.714871534166074629e-01
-6.646667097526658408e-01
9.214268278890134223e-01
-1.558752268341843383e-01
-3.656673032456803640e-01
-1.219976571660919828e-01
-3.684540482169292863e-01
-1.074933870003275393e-01
1.000000000000000000e+00
-5.854759293986928625e-01
-1.000000000000000000e+00
6.191519797228659527e-01
-2.823529206929321633e-01
1.462366806273249220e-02
-9.234276678995237964e-01
4.273145808489549613e-01
1.000000000000000000e+00
4.733694537147150605e-01
-6.240958625368215884e-01
-5.097281587344288933e-01
-1.000000000000000000e+00
5.403421798520469110e-01
-2.021033397688392352e-01
-3.062546679602775601e-01
-7.705623555293373839e-01
2.616874525264169526e-01
-6.637984369251704875e-01
8.969037799945114298e-01
-1.327322911331699218e-02
2.262682191733870196e-01
-5.994578550184146426e-01
1.000000000000000000e+00
3.056325977868906696e-02
-8.395081657971033007e-01
1.118852071976561419e-01
-9.136558846630318254e-01
2.469481652377652492e-01
-7.869949542793490682e-01
1.000000000000000000e+00
-2.698665821505075169e-01
-4.747716426032378423e-01
3.683004097043497405e-01
-2.749226657868739654e-01
-1.268112422623397795e-01
9.641134326462288406e-01
1.736984960668235267e-01
-8.345347578988786541e-01
5.046607938939089433e-01
-6.733528558484529469e-01
2.865485863640693243e-01
9.381295150943103067e-01
-9.724907714200192732e-02
7.375346820506538670e-01
-3.910064276683543616e-01
8.370502519294314991e-01
1.295656495871806424e-01
-9.901518967264224536e-01
-5.541720748216033554e-01
-4.608519877314080082e-01
7.332498353842600847e-02
-2.151762707624563786e-01
-8.498839166940527212e-01
-3.302070985591068486e-01
-1.319929479692645291e-01
-5.129138050135000348e-01
4.549229326403428919e-01
8.357730343367846260e-01
-6.445691269175052307e-01
4.566776445792800621e-01
-1.797598929798079892e-01
9.575734040767932553e-01
-9.276927601207487495e-01
-1.000000000000000000e+00
6.217321131595042738e-01
2.898423998831674564e-01
-5.787787498837699829e-01
7.983963721545117576e-01
-6.632068598980197516e-01
1.000000000000000000e+00
-3.744164091293795682e-01
-4.147356199433399615e-02
