-4.335049206939675659e-02
-5.271718284282569389e-01
-6.634923881052925965e-02
-2.203536021585600913e-01
2.378815526551254500e-01
7.685081242816589331e-01
-4.856050366502325244e-01
7.260739284526273041e-01
-7.928793746376036067e-01
2.443060307615251836e-01
2.630504949838177176e-01
5.912419170565633153e-02
-6.330609837065782619e-01
1.000000000000000000e+00
-8.577331598785132849e-01
-8.659773746768659741e-01
9.353786250242706046e-01
-3.731364560515476603e-01
-1.000000000000000000e+00
6.056553756218900908e-01
-6.593288756491124669e-01
2.239850476797186352e-01
-8.093194053052769898e-02
-1.000000000000000000e+00
-6.102108136381302339e-01
1.961823830029572613e-01
4.678864727139834256e-01
-1.697427858658352995e-01
-1.294832435198372544e-01
-1.000000000000000000e+00
-2.753410855747517871e-01
1.000000000000000000e+00
-1.000000000000000000e+00
5.661926770796026354e-01
-4.344208043981434564e-02
-4.197680110043949808e-01
1.141363334461812512e-01
1.477844782831799764e-01
-6.273720039225630929e-01
-2.217703786404956467e-01
3.192121405511702537e-01
3.823778861807740626e-01
6.387244443335206023e-01
-8.965573155311280518e-01
-2.376983085399437257e-01
-9.155395520932654296e-01
-3.248174654587575039e-01
3.899526159286154092e-01
-1.000000000000000000e+00
-4.068847211608958570e-02
-5.026603468864869750e-01
3.914373787080078770e-01
2.789472372882866313e-01
3.527615322896219818e-01
5.754099363686923096e-01
-1.079563929326529947e-01
-9.471759541695209395e-01
1.000000000000000000e+00
-4.400918001791373491e-01
4.709240173955759889e-01
4.024734421096752279e-01
1.690847544497441346e-01
4.364453089549423792e-01
2.164444077570619462e-02
1.886380075147510715e-01
-5.549050771260032322e-01
-2.607660631519354566e-01
-8.153414412875554795e-01
-1.491040786245911298e-01
-1.000000000000000000e+00
1.000000000000000000e+00
2.957878610272308140e-01
1.000000000000000000e+00
1.674121881266853185e-01
-3.756058464104473638e-01
-6.078830952958305112e-01
7.786910767185800664e-02
7.414573755446907111e-03
2.476875924999200063e-02
2.052182314617016501e-01
9.880665190631467976e-01
-2.761117585090681059e-01
-4.997950933848792632e-01
1.619422929626220253e-01
-8.171757970321447129e-01
-4.870179662855506075e-02
9.286121118161644317e-02
-7.969134689149052209e-01
-3.446667319679567187e-01
-1.766145404370308425e-01
3.419315102087696623e-01
-5.659123503451508608e-01
-2.868764767300799323e-01
-3.048152986954917321e-01
1.000000000000000000e+00
8.556806035115174236e-01
4.456490440056573021e-01
-7.289184612890008408e-01
8.817726860229820884e-01
1.729775943353865642e-01
1.358477292709133755e-01
-2.953730528144254408e-01
5.189996243773741247e-01
2.810074014558445743e-01
-7.684147429964539588e-01
1.000000000000000000e+00
1.729687339223640041e-01
-6.079632803656503937e-01
1.000000000000000000e+00
9.978835518456161124e-02
5.836196653987005822e-01
-9.600680163413654045e-01
-8.279757833383010190e-01
-5.160025268464427661e-01
-4.351239522250573422e-01
1.000000000000000000e+00
1.000000000000000000e+00
-7.253328566471036742e-01
1.000000000000000000e+00
-4.679951463319839688e-01
-1.237616827019240723e-01
-8.677605256259182109e-01
-2.161604059923103449e-01
-3.496678528963574895e-01
-7.633928754475631517e-02
-1.863554238052276546e-01
7.177470460808287323e-01
9.022825215385997799e-01
-2.496895496125470792e-01
5.278190940339382298e-01
3.975882120918693419e-01
-5.188883222784386184e-01
-9.873548493240136281e-01
-1.000000000000000000e+00
-8.489812050006829702e-01
-1.991238548832380273e-01
-1.000000000000000000e+00
4.171929875645247754e-01
2.108795339749011399e-01
-2.047545785474579327e-01
7.698100697637290102e-01
1.000000000000000000e+00
9.613666467453836351e-01
1.000000000000000000e+00
-4.574026900390543160e-01
-2.049925564846866166e-01
3.009004133392864100e-01
6.154537998113409625e-01
1.000000000000000000e+00
-1.024236960653685663e-02
-3.304053827448955594e-01
-1.350364517708313727e-01
7.623740949501953690e-01
-8.146218970057775843e-01
-9.194756639044641133e-01
3.548940037041072859e-01
2.417452785714126751e-01
-1.000000000000000000e+00
-8.544383978860599083e-01
7.243415920405181785e-01
2.004804529095247090e-02
-4.840385056778692130e-01
-1.000000000000000000e+00
-6.230758171933641343e-01
-8.186155407024593711e-02
-1.525761503460492663e-01
8.181429315227871646e-01
-2.903226971124561739e-01
-8.088493714245320598e-02
4.734639638171687093e-01
6.996593884471308256e-01
-8.342955202533294257e-01
3.738089840656527163e-01
6.968942288664896623e-01
2.654090196122068090e-01
-1.000000000000000000e+00
1.000000000000000000e+00
-1.000000000000000000e+00
-1.000000000000000000e+00
9.177640202159342842e-01
3.205010454624457328e-01
3.061966282513202686e-01
-1.000000000000000000e+00
5.219731693780400583e-01
-7.842064178723127110e-01
1.501930709889058302e-01
1.000000000000000000e+00
-6.057254074331810401e-01
-1.070984338391905433e-01
4.701820127601394894e-01
1.000000000000000000e+00
-4.555397159002372298e-02
-2.832106096008900620e-01
-3.430516007266438683e-01
-4.505033147841677743e-01
-5.702212025821398189e-01
-1.000000000000000000e+00
-6.973246429827519854e-01
-7.345172444323581074e-01
7.813562167777302614e-01
1.000000000000000000e+00
3.835905935791303900e-01
-1.273340488119995284e-01
-5.074103928351575421e-02
7.664564621216396478e-01
4.501713970025582046e-01
-7.134629303391780697e-01
-6.066899419698570939e-02
-6.229163686280045908e-01
-1.000000000000000000e+00
4.035259998490284272e-01
-9.067114926331175662e-01
1.000000000000000000e+00
-3.603221190524639184e-01
2.330148287576992994e-01
-8.436759165793692450e-01
-3.540251546095191104e-01
8.245661933056946946e-01
-3.165157791431665313e-01
-1.495329755008432959e-01
-5.430408741646025605e-01
5.315595058627194947e-01
-5.090817020206817034e-01
8.503558250223538506e-01
5.502154306532699435e-01
-8.442061504305411468e-01
3.762889962124651433e-01
7.681746449793874776e-01
1.000000000000000000e+00
7.178700041106811369e-01
1.000000000000000000e+00
-3.471400855213931935e-01
-2.914331844687372275e-01
-5.538041911088448233e-01
-6.583527776718836044e-01
4.421517105069576736e-01
-8.641750711407130137e-01
-1.606229122651557095e-01
-9.296623967683610434e-01
2.203941505773402143e-01
-6.625562106297044895e-02
-8.231925099936351353e-01
1.000000000000000000e+00
3.915139741396019279e-01
4.335402228460304985e-01
-9.370142811700410412e-01
1.350997022931692271e-02
-5.691456941440373729e-01
2.613812724141966748e-01
-1.000000000000000000e+00
1.013541106971130312e-01
4.610274964231656503e-01
-7.782358669349311864e-01
7.940988707371190447e-01
6.443061989942959755e-01
-1.000000000000000000e+00
-4.628437679976842301e-01
-2.403751980049292358e-01
-1.420551454908103584e-01
-6.258959610732661716e-01
8.199575165194128434e-01
9.047741197845325933e-01
2.103792342117774550e-01
8.917368229446394068e-01
5.230713778756410637e-01
