5.036447806592663223e-01
-5.891035363108865219e-01
9.301261144704284778e-01
1.000000000000000000e+00
1.000000000000000000e+00
-7.300278306295687747e-01
1.000000000000000000e+00
-5.011564896449989259e-01
-5.511795163683411714e-01
-9.872531419754775328e-01
-5.685181761965325542e-01
-4.845394577361578636e-01
-1.847578925258521187e-01
-3.700494487000541288e-02
-9.631380585487558932e-01
-4.882767578077418236e-01
6.391535283025684411e-02
6.285362893067532042e-01
8.588130173124389199e-02
5.431671527792598653e-01
-1.223042420207376413e-01
7.513707625645933419e-01
9.165232661619063803e-01
2.648328187893639329e-01
-6.190299792602901308e-01
1.597807636112107688e-01
-1.703296096709570884e-01
8.943075092799392944e-01
2.549066082991796600e-02
2.308217666464128237e-01
8.760357152986035789e-01
-9.505039990491940260e-01
-5.882601101582884962e-01
4.699879292538536313e-02
-6.112651109259392701e-01
7.312169241507567863e-01
-9.655386950035073079e-01
5.719048973441960282e-01
-4.035024386428250898e-01
-5.090964571094340752e-01
6.088003770116828806e-01
1.557851330675933677e-01
4.924392345449886133e-01
2.223955602759340455e-01
-7.871272276419751801e-01
7.392324970792472083e-01
3.924107447832125839e-01
7.795846973217315790e-02
2.858179865702435429e-01
-4.622955604516284511e-01
2.909533562419214237e-01
-5.980903553230872138e-02
-5.425951483876206849e-02
-1.000000000000000000e+00
-3.569645737121303064e-01
-3.759145057873998219e-01
-1.000000000000000000e+00
-2.497990151075785425e-01
-2.521442899574016794e-01
2.151216498066589322e-01
6.342060980752051158e-01
-1.000000000000000000e+00
6.089789983680207186e-01
-7.328362213682240167e-01
-4.746525131235313499e-01
3.415043307096418124e-01
-2.597599994005472812e-01
-8.628143048488061684e-01
1.992518519182359948e-01
-3.136135678206832672e-02
6.097814730239528025e-01
-7.034478588794076948e-02
2.475291432082238896e-01
-1.479337922997089882e-01
-5.055425606804407890e-01
-1.000000000000000000e+00
6.531158116504548472e-01
-1.752608079578347744e-01
-3.317969182607620193e-01
2.385675676014479829e-01
-9.569121726998695010e-01
7.197827002668787388e-01
-1.000000000000000000e+00
5.111525995400043598e-01
-2.292711428244438854e-01
1.000000000000000000e+00
-1.000000000000000000e+00
2.922361489955338509e-01
3.425001601790959582e-01
-5.494811380561220870e-01
3.302268170208514930e-01
3.348712991449559473e-01
-2.974077205970817595e-01
1.388375172556293724e-01
5.378189410549945038e-01
-6.798452930175742370e-01
-1.508528601579378625e-02
5.063593021897925261e-01
-4.299854484452093617e-01
1.235568852091193937e-01
-1.000000000000000000e+00
-2.951703746227566372e-01
-8.748106531711415945e-01
2.844168959280726772e-01
-4.056583295773336095e-01
-7.692330686605213241e-01
8.021620891638043815e-01
1.000000000000000000e+00
4.343932153871933877e-01
4.604672342321244338e-01
-4.003621938420688919e-01
6.555805570230888168e-01
-9.778270170105730630e-01
-6.855369754540434624e-01
5.414455453122620776e-01
-9.544660618348972392e-01
-9.197920266171666359e-03
6.757279734964061202e-01
4.156318770084408976e-01
-7.668354459811701496e-01
7.860881554779622360e-02
1.318508660806201604e-01
2.046508655883336192e-01
1.000000000000000000e+00
5.750954960837399987e-01
-4.595561481775072843e-01
1.000000000000000000e+00
-4.742555616501878402e-01
4.633570750610637584e-02
5.851919314042117737e-01
-9.136633091882280233e-01
4.593910232726964304e-01
-8.468877665966632051e-01
3.387952612968075927e-01
-1.913378047075884325e-01
-2.252037313851910361e-01
-4.384288799087799893e-01
2.092507972497421320e-01
8.472649110501562220e-01
4.378643451309686130e-01
2.807931550693548717e-01
-4.365362715219757161e-01
-6.449399515334595101e-01
6.790906509528594759e-01
-7.104926313412285310e-01
-6.657118357305772394e-01
-6.296092732333602449e-01
4.664588303380953205e-01
-1.742063230062679269e-03
-7.313248767988651533e-01
1.000000000000000000e+00
-9.689011777039501228e-01
-1.362324588255133806e-01
-1.659033417768582264e-01
1.000000000000000000e+00
-1.859295044033414390e-01
1.326779982812353875e-02
-1.000000000000000000e+00
-6.534148736310431138e-01
-9.658891692505305882e-01
1.673459853377604611e-01
3.056513618337325933e-01
-1.503918118988433195e-01
-1.000000000000000000e+00
-9.375307254534613888e-01
-1.967965955539682510e-01
-1.000000000000000000e+00
-2.734960728087773019e-01
-2.051083491006403525e-01
7.730394740409651799e-02
1.732982898422179840e-01
-9.176626374787680840e-01
-6.204173650653013183e-01
-1.000000000000000000e+00
-1.000000000000000000e+00
-7.784962747990115117e-02
7.130459879399400069e-01
-4.128614430669418356e-01
7.941903400607587260e-01
7.190817368297506285e-01
-9.165313506980725666e-01
-1.000000000000000000e+00
3.609570545378464890e-01
9.690065867367054775e-01
-6.218258593419294655e-01
1.000000000000000000e+00
-2.484592943588368463e-01
-9.885003506698668563e-01
-5.233964164815925191e-01
3.072630360565349883e-01
-1.000000000000000000e+00
-4.838694961261432725e-01
-6.454319262348336972e-01
-9.478594314699441137e-01
-6.323052408811721259e-01
-3.850261852160850595e-01
6.361688260071387546e-01
-5.970111156768138638e-01
2.323623909985543246e-01
-3.931016401723410048e-01
1.729557566240446931e-01
5.674102801489694370e-01
-7.136586130581237253e-01
-2.181150614433122192e-01
3.942298399234099304e-01
4.096119055831442535e-01
-2.840174776014585678e-01
1.000000000000000000e+00
9.360325150518999937e-02
-4.587865994488368182e-01
-6.223142042991545164e-01
-8.852397760542117799e-01
-8.929304827915708342e-01
4.283249992240449888e-01
1.095586759916052783e-01
-9.506476711011038194e-01
2.895157738454579022e-01
1.055584298210043015e-01
9.429338872935844051e-02
-5.306166664218400220e-01
-1.069251121161590712e-01
1.959493210380580663e-01
-5.600546842254665592e-01
-5.728007719764052763e-02
1.017376539412317704e-01
3.158905225860858534e-01
-3.578213594522832164e-01
-1.559385701515010603e-01
-7.144002208444635293e-01
5.073875410089392357e-01
3.189467590967955957e-01
1.000000000000000000e+00
-6.544164770045997337e-02
4.416426663701861210e-01
5.264723417008236872e-01
9.053449380789891920e-01
7.000856296345124574e-02
-3.579934470509973377e-01
4.622507259428979554e-01
-8.062311710704632706e-01
3.433359423319619630e-01
1.587159885836585960e-01
-2.753452587959257514e-01
1.000000000000000000e+00
-2.635427714223435025e-01
2.075097240659739273e-01
-7.831815127600805226e-01
2.484669618751592091e-01
-3.901512947891438987e-01
-7.483219051400977762e-01
-3.137997906727076347e-01
7.047226889630825442e-01
3.361274561390818483e-01
5.477940417836625331e-01
-4.218354898031574929e-01
-8.373339751750433768e-01
-3.413522276519729282e-01
2.604447351179842163e-01
1.000000000000000000e+00
9.792152588625895326e-01
-6.287476479711444632e-01
-2.539894163370468028e-02
-7.427822877150178638e-01
7.816805015372366716e-01
1.466413297474309374e-01
