5.207614867923699986e-01
-6.460544288145719793e-01
-8.376748807506274597e-01
7.417767082453619043e-01
3.548836329973519832e-01
-9.261465780356331612e-03
-6.679701927803157746e-01
7.963763102714394027e-01
-4.591635605620862925e-01
-9.205996701041189167e-01
1.529381386737568016e-01
9.175596609131047021e-01
-9.482141723787457233e-01
6.122419420734829254e-01
1.423583856219899912e-01
-3.864333865356145425e-01
-2.412082118717699675e-02
-2.125106082436332700e-01
-1.000000000000000000e+00
-8.878478987632538733e-01
-9.568425718863755591e-01
7.644692591023044548e-01
-3.391970450564278650e-02
6.583422967755273580e-01
-6.124226399616914396e-01
1.686541161613460127e-01
-6.492014703797399644e-01
-3.628753033937447969e-01
-1.457792431135851996e-01
8.246637324466628005e-01
-8.008494953398559435e-01
-8.070050333430518474e-01
6.279698649602188931e-01
-6.038605381462588406e-01
2.504448341997175809e-02
5.968119465223264974e-01
1.000000000000000000e+00
-7.011382816564576403e-02
-4.925551087165879194e-01
6.253884444591120140e-01
8.542365137790931540e-01
8.615944050821736089e-02
4.597508692128446373e-02
-8.077588654679754843e-01
-6.006066431660592730e-01
3.996431322470928027e-02
3.517951304650226985e-02
-2.508182393306625513e-01
4.760883667154616194e-01
8.495147663734204935e-01
-7.375563564493459179e-01
-1.000000000000000000e+00
2.357084358868502538e-02
-2.474760972241996648e-01
-5.151584700413318618e-01
-1.000000000000000000e+00
-2.100026917940036597e-01
1.194842328872103843e-01
4.757252447843837162e-01
-2.530881964122693728e-01
5.451040175043802005e-01
1.774352148919892680e-01
-1.000000000000000000e+00
-6.811747684096254307e-01
-4.351180538370764128e-01
5.657905613331132288e-01
6.509265810772399963e-01
-7.056045175265742708e-01
-3.715080198454525640e-01
-7.437779730359864727e-01
7.647092585037916779e-01
-1.860433596532159450e-01
-7.732568466586159373e-02
-1.000000000000000000e+00
7.707075273364150103e-01
-7.717489517859674741e-01
1.000000000000000000e+00
-8.509045128206547126e-01
5.841082361191873851e-02
-2.782683981758033442e-01
-1.207863680867505285e-01
-1.000000000000000000e+00
8.172478850991535815e-01
7.979676014553341301e-02
8.527955297156536441e-02
-7.996781772498174901e-01
5.511892776293733087e-01
3.695676956685118864e-01
-4.170565165671398788e-01
1.000000000000000000e+00
-5.951118803013646374e-01
3.803723858246154110e-01
9.875997268198259960e-01
6.076262488528423322e-01
-5.846993837245954007e-01
-1.000000000000000000e+00
-1.647121769227186672e-01
1.072592500561564410e-02
7.791231546823709220e-01
5.956144396079052772e-01
-9.057534154467034027e-01
4.231728858010639360e-01
4.932950848721622816e-01
-3.425174642025406030e-02
-9.560905078413690639e-01
1.850032202334963571e-01
5.786586184920072817e-01
-5.991099438657812026e-01
1.000000000000000000e+00
-2.351221163350348808e-01
5.676190133337292165e-01
3.567538997972061754e-01
-2.824660457259694502e-01
-6.671774985141049052e-01
-4.916394312386104803e-01
-2.293972708616560940e-01
-7.509406891776997384e-01
-6.493226488843595323e-02
7.986933419934398870e-01
2.788662540313540106e-01
-8.349860611792803144e-01
4.451439348374525151e-01
-3.177799030827380689e-01
-4.292239307622771061e-01
6.196032405183028446e-01
1.000000000000000000e+00
-7.003580004257355940e-01
-7.543022267553067817e-01
7.743845088457296244e-03
1.636815976256469352e-01
4.206514260373374614e-01
-3.851407267078530428e-01
-9.770414103368648684e-01
8.304876689995366323e-02
-5.166807467761853623e-01
-6.077455604341375217e-01
1.000000000000000000e+00
9.352463122397995932e-01
-2.917233936545196582e-01
-5.487296849532818932e-01
9.840523685203574900e-01
-3.061852418248812158e-01
1.840547202552040851e-01
-7.542746051642066352e-01
9.996059347062689060e-01
2.964370402986782893e-01
-1.787882518983801572e-01
9.191768851388662509e-02
-3.822505995252352129e-01
5.163561044923973276e-01
8.312877737544592804e-01
-3.975283771103516051e-02
1.000000000000000000e+00
-1.000000000000000000e+00
-5.409482527332920565e-02
-9.441878020114282677e-01
-7.954334527611284233e-01
1.000000000000000000e+00
-8.689724827722422607e-01
1.931143310922077139e-01
-5.613680003493164428e-01
6.016751350423114042e-01
4.730672453463501403e-01
-2.563393867541205462e-02
-3.949830863601959119e-01
6.825999496761259167e-01
-2.138794975755442251e-01
-9.539795072728117775e-01
-5.099362911451299496e-01
-1.133979498846177658e-01
-1.000000000000000000e+00
-4.921727987797273052e-01
-1.000000000000000000e+00
9.457952000489486810e-01
7.430272964345112641e-01
-8.698310926032403190e-01
-9.564261514136648268e-01
-7.443749544198280388e-01
-2.900555852748701313e-01
7.202051258266359834e-01
-1.873954150924846962e-01
-3.374629336512499633e-01
2.993918591786643990e-01
2.047069354355469661e-01
1.000000000000000000e+00
8.774848804686792292e-01
1.646843188310389561e-01
-5.494915796158349186e-02
-6.239450502888566064e-01
2.249063944315901620e-02
2.432634460289816725e-01
7.460025880697350731e-01
-6.739129437139750323e-01
-1.000000000000000000e+00
5.194810265612062050e-01
-7.666351018628178027e-01
-2.232353156880766132e-01
7.228540232893545525e-01
-9.867264165330945636e-01
-3.007519481244728121e-01
1.670990259534977651e-01
2.681295567817382208e-01
7.675248650206010215e-01
9.683559948088316105e-02
-3.382275996780511607e-01
3.626472882350207927e-01
-3.644809343329824536e-01
1.000000000000000000e+00
-3.453077178390785984e-01
-8.326562563652263327e-01
-5.438666682017160303e-01
9.302845938849967355e-01
-4.634176110062881992e-01
4.119103814844762290e-01
-9.150056149261839300e-01
2.722867519409287729e-01
6.445980226868595064e-01
2.422192540998752419e-01
1.000000000000000000e+00
-7.807932547904969933e-01
-2.348498955975042990e-01
-8.367816935725728156e-01
5.749192909638882742e-01
1.000000000000000000e+00
1.108369117390894665e-01
5.220406610729034780e-01
8.516983779496701823e-01
1.000000000000000000e+00
1.977098774702086836e-01
-6.457478168586980871e-01
1.000000000000000000e+00
1.000000000000000000e+00
-1.000000000000000000e+00
4.251439153135235238e-01
9.686310013130485785e-01
-1.510942207752846156e-01
1.000000000000000000e+00
2.165860488891503677e-01
5.738696852974893847e-01
6.688070268928992812e-01
2.935748192298983095e-01
1.000000000000000000e+00
5.213041019648753105e-01
-9.144146333114779868e-01
8.209402021268970007e-01
2.397586848584121744e-01
1.000000000000000000e+00
2.420839475161963850e-01
-1.000000000000000000e+00
4.763587562258493335e-01
8.483190293788528402e-02
-4.699665763092908399e-02
2.033796106735068221e-01
7.059051244779186440e-01
4.070163836653667433e-01
2.407367183218279694e-01
4.446681475827891639e-01
-7.396266113004634768e-01
-3.578517797586712179e-01
2.598140070267657142e-01
-3.875858854568540179e-01
2.873373484330278282e-01
7.460811078108608996e-01
5.340853002080608869e-01
-6.555338424954890164e-02
