-2.277740337410281979e-02
-1.000000000000000000e+00
-8.490840255807778902e-01
6.359798858388923115e-01
1.000000000000000000e+00
-5.100057907062252038e-01
8.350608679935795919e-01
-8.793368922840652524e-02
2.438130889843618809e-01
-3.406768914669381365e-01
-1.000000000000000000e+00
9.480275292017752431e-01
6.819324378259757902e-01
1.820132267881752752e-01
-3.958388268363546292e-01
1.040495903340813849e-01
1.725322696122300603e-01
-2.342451089026462430e-01
-2.154063135629235293e-01
2.307439593153989277e-01
4.056924641974733459e-01
-9.868701249815581278e-02
-6.112708552927910155e-01
-3.130046726768533349e-01
-7.351455649339366794e-01
-4.497708932079328981e-01
-1.357822355338306752e-01
-3.231074926472212727e-01
-5.586363701091480172e-01
1.469182342738359348e-02
-1.000000000000000000e+00
5.710165646174106824e-01
-3.970655061563607147e-01
-8.352495368296486422e-01
1.000000000000000000e+00
-2.245909521803927389e-01
-7.856520246047452583e-01
-8.823832391405664333e-02
1.216673995567156275e-01
2.802584342254738070e-01
-9.256126323635138764e-01
1.000000000000000000e+00
9.193932712011325670e-01
6.571878761647844680e-01
-7.361758435328688011e-01
9.489663725883373813e-01
-6.034669475894763879e-01
-5.620874115489953721e-02
7.133697437257850993e-01
-5.322662505670083810e-01
-9.361857092281761217e-01
4.049670315124657138e-01
8.257510599726074485e-01
6.494387907575212282e-02
3.543265360079180804e-01
3.588814019202794525e-01
1.183155638641721075e-01
-1.522984396290271714e-01
3.424139856248443747e-01
2.542724173477366456e-01
-4.307032716910033088e-01
-1.000000000000000000e+00
-4.024518892330964381e-01
3.670142209941891775e-01
-9.105910049185177435e-01
5.814179012995416285e-01
2.544691647108766608e-01
1.000000000000000000e+00
3.947197719751823763e-01
1.000000000000000000e+00
6.569205678629640444e-01
-9.838472126752439983e-01
2.018393923023362735e-01
9.753541470200549623e-03
3.698247328716758320e-01
-1.018485492471031539e-01
-9.909577695801864428e-01
5.648893660978353548e-01
-6.526861944251221015e-01
-3.187613658718297938e-01
-1.000000000000000000e+00
6.299355640675545764e-01
-9.299038535391740412e-01
-3.489053374219621140e-01
1.000000000000000000e+00
7.290814850869193897e-01
-6.517829733367450640e-01
-6.038975757175615300e-01
3.945945768350840321e-01
-1.000000000000000000e+00
-3.853924853268599904e-01
-8.152004799847281102e-01
4.528873926551288953e-01
9.849648123811549638e-01
-5.766965322134558480e-01
-1.925688214231298656e-01
3.017835575089406475e-01
1.742283875289624140e-01
7.570738810700201604e-01
4.269889216062999759e-02
-7.302555860021153755e-01
-1.000000000000000000e+00
1.035357319319714087e-01
-4.125356090405026266e-01
-7.675578500124220493e-01
9.921314744977718370e-01
-1.368058910216677637e-01
6.996184516801459141e-01
-1.000000000000000000e+00
8.204874123683134068e-02
-9.388554192872453630e-01
-4.466267890479366232e-01
1.910523239508235549e-01
-3.928273840606203438e-01
7.677523341947573021e-02
2.396863150051167235e-01
8.422967257482963377e-02
2.041913987745893888e-01
-4.056734393328995797e-02
-6.029799737539585092e-01
7.872744465873287023e-01
3.217701991611284784e-01
-5.704797002054415866e-01
8.622017448051770838e-01
8.168939928804790362e-01
2.391788748386248775e-01
-3.582094342542485599e-01
1.000000000000000000e+00
2.227088094100942994e-02
-1.492834402438234509e-01
6.820803701962382393e-01
-8.618471229165964864e-01
-5.129803438108739844e-01
4.715788148475980046e-03
-9.867891243793867895e-02
-2.278496457747099246e-02
1.968460551612442044e-01
-6.049718374005720323e-01
7.388275694926746961e-01
-1.545834987438882979e-01
-8.160630305178464550e-01
2.982141363894812436e-01
3.456410311442738026e-01
-1.000000000000000000e+00
-2.356632133451357081e-02
-1.000000000000000000e+00
7.007456754669570964e-01
8.480961955848043132e-01
8.904362504625333574e-02
-3.317883627942874170e-01
1.000000000000000000e+00
7.406126229456080345e-01
-9.529048678830741581e-01
-7.373200069750092123e-01
-9.136068310977382145e-01
-9.414778843900402094e-01
1.333927742358559099e-01
-2.438309175193312528e-01
1.000000000000000000e+00
9.615477669351066847e-01
5.315540955346264029e-01
-1.000000000000000000e+00
-6.082173837025425245e-01
-1.533359331589425889e-01
1.000000000000000000e+00
-9.531396808152464706e-02
-1.519285732849686987e-01
2.062421710305412936e-01
5.370627552908253666e-01
8.010207760044745218e-01
-4.076142098017490056e-01
5.928957386535192997e-01
5.394714949074874699e-01
-4.694438225181602475e-01
6.502322697502079807e-01
-1.249697064796831542e-01
-5.476483934874583070e-01
-9.072003285514341764e-01
8.409297421851366083e-01
-8.790731604012067546e-01
1.530756995985364521e-01
-1.334594203015199709e-01
-1.000000000000000000e+00
2.487583383130199943e-01
1.000000000000000000e+00
-7.200767607670828241e-01
-6.767658427384591890e-01
3.730981741522952921e-01
8.250867360862483846e-01
1.000000000000000000e+00
5.780938750194180020e-01
3.860781359718593597e-01
-6.310580584473081123e-01
4.700669607391818605e-01
-3.721519842467526651e-01
6.965446729488824484e-01
2.817033485911969448e-01
-6.203552684974128484e-02
-3.682861787131334053e-01
-1.680718295046763622e-01
4.034550660417559609e-01
-9.349098371411717068e-01
4.444371033722047670e-01
1.000000000000000000e+00
-4.366196147511467451e-01
3.062022750570924171e-02
1.080484680597298408e-01
5.414520293613495072e-02
2.484517727007637955e-01
-6.999802267850295800e-01
-1.000000000000000000e+00
2.109022738224292648e-01
1.000000000000000000e+00
-1.690190034122662777e-02
-8.176977849155610267e-02
7.095765043930816196e-01
-3.033955694486312193e-01
-9.375523176489934940e-01
3.378128109316743122e-01
-4.363448717391527620e-01
5.859728277248799078e-01
-3.049314869375998049e-01
3.734058794375704760e-01
7.363107273620507209e-01
8.353827118607101143e-01
8.481056298462118503e-01
8.670610484995925349e-01
-3.370926010095289804e-01
1.000000000000000000e+00
-1.000000000000000000e+00
1.000000000000000000e+00
-5.157069997933617644e-01
8.724352956985571561e-01
-5.173987862783431257e-01
3.590312380502826972e-01
-3.358298477462171583e-01
1.000000000000000000e+00
1.016118957447754712e-01
-6.164154322416262044e-01
-6.448342102257602348e-02
-2.505593352923010109e-01
1.433028328918147243e-01
9.689870161388385306e-01
1.000000000000000000e+00
1.000000000000000000e+00
1.000000000000000000e+00
-6.645576542736867376e-01
-4.947601644096277784e-01
2.580306880396608382e-01
-1.000000000000000000e+00
7.078835201112586295e-02
2.007439310378765218e-01
2.414834385254840676e-01
5.028514211327145267e-01
-4.781931870155588515e-01
-6.786734529201259303e-01
8.738136237343314683e-01
9.329897453985190880e-01
1.000000000000000000e+00
-9.380036697218173680e-01
6.333151525514804092e-01
-1.000000000000000000e+00
6.266200503274047540e-01
-3.106309463567609730e-01
5.130740991456761435e-01
