-9.847504245605044337e-01
8.222793940904626897e-01
-9.649376576307300279e-01
-5.110064762808022021e-01
-4.302856033926363288e-01
1.000000000000000000e+00
-8.155541284707314986e-01
-4.522309230891311538e-01
-3.249546225094011032e-01
1.558555011423411463e-01
2.925076596504498916e-01
3.204308911220024036e-01
8.136285984583291331e-01
-7.433956461697143192e-01
-2.783883506768069505e-01
4.931934315995455398e-01
4.559475813253012211e-01
-3.104598737655532847e-01
-1.000000000000000000e+00
2.658893280866697628e-02
5.789996913882968776e-01
-1.464902595787731798e-01
1.855184811946552492e-01
-6.444037061558878232e-01
-4.189436242793062593e-01
-3.000634011100807297e-01
7.226499135815089847e-01
1.882236904845189795e-01
6.432453540489933008e-01
-8.418426551643012345e-01
-9.724772865659161436e-01
-4.892786183451899862e-01
-3.189029231784451524e-01
-8.617245340321832980e-01
9.166691324327796986e-02
-1.000000000000000000e+00
5.540746549058626069e-01
1.536345658946853543e-01
-4.056672031409696011e-01
-8.579097561156026064e-01
-2.431770457202314106e-01
-4.405388553237367111e-01
-7.511088522045430427e-01
-1.000000000000000000e+00
2.015490595204358915e-01
7.401634754076947820e-01
-1.000000000000000000e+00
1.583233832738276115e-01
-1.000000000000000000e+00
8.091084439431617259e-01
3.403863635555161582e-01
8.674328272612992219e-01
-7.184746571102954560e-01
9.552180226775404126e-01
-1.000000000000000000e+00
4.229839400223106005e-01
9.639453737822302193e-01
-3.292312978392861744e-01
-3.551637301899927546e-01
-2.588216485388061816e-02
-2.999706983763535395e-01
3.064712572516279376e-01
2.125721382825599415e-01
5.403012842184331532e-01
-1.750270382054318619e-01
3.126438732187337699e-01
2.997898958359755395e-01
-2.669804864669131916e-01
-1.353060674263655838e-01
7.962005522032383764e-01
-6.317372957202195272e-01
-8.676650834811538981e-01
4.341144912516093912e-01
3.023057146665381056e-02
-2.464593847966143059e-01
-2.247350940010890974e-01
8.110693028357002232e-01
-1.000000000000000000e+00
5.185728396919586647e-01
-1.000000000000000000e+00
2.898316921530977308e-02
-5.812941326423749500e-01
1.000000000000000000e+00
-5.137490458252060854e-01
-1.683270029546415358e-01
-8.061948270128629357e-01
5.198293757669320003e-01
2.933522320151935037e-01
1.000000000000000000e+00
-1.030059021856792600e-02
-6.273579687558872298e-03
-1.148230903477908127e-01
-9.020623879633418163e-01
-1.000000000000000000e+00
4.941471667620786490e-02
-1.000000000000000000e+00
8.962711940542006372e-01
4.110778668626736132e-01
1.471773235579798556e-02
7.048900687769659168e-01
9.650197581378606726e-01
1.407206931429215713e-01
-6.758732232409311314e-01
-2.596075299144849358e-01
-6.111722570038363722e-01
-3.552517479036024772e-01
-8.595320275812196043e-03
-3.601716187170060368e-01
6.230783793608802856e-01
-1.000000000000000000e+00
9.198641520990249454e-01
6.795502297441637918e-01
-6.683794399320448776e-02
-3.032630493664269511e-01
-1.000000000000000000e+00
3.708224703501548092e-01
-9.619113071776644874e-01
1.256331944262862876e-01
7.672001335229592378e-01
-6.691707465242816566e-01
1.608382601710025839e-01
9.994918165325545889e-01
3.405520007982902886e-01
-7.996148111407264114e-01
-1.000000000000000000e+00
2.335553539655763067e-01
1.000000000000000000e+00
-4.797246424622503280e-01
-7.429320966740674548e-01
-6.411904770600919123e-01
-3.616449223241626765e-01
7.105716605329546187e-01
2.062202038186071451e-02
8.177585780854619291e-01
-4.034837946266529585e-01
3.250946416129296135e-01
9.320379385642745262e-01
-4.717794880870332941e-01
-5.452862546528312038e-01
-1.244030406891806773e-01
1.009861030503138579e-01
-1.583038432588454447e-01
-4.239339240059585845e-01
9.104769749160329662e-01
-3.413535546790836817e-01
5.735334748352283185e-01
1.000000000000000000e+00
-1.138160665851348785e-01
-7.989440250480394079e-01
3.615870883003836911e-03
-1.533653186717792716e-02
3.883326445136432992e-01
-5.004146788479476582e-01
-7.314469920010564785e-02
-8.136022785112688727e-01
-9.888021170345221433e-01
1.000000000000000000e+00
6.439135016510381115e-01
5.834042660431547345e-02
-3.598059381069382279e-01
2.477148175039154410e-01
-5.482566043482944851e-02
1.000000000000000000e+00
-1.000000000000000000e+00
1.925664471761429908e-01
-1.452683463931092045e-01
-1.000000000000000000e+00
-3.191992216302610985e-01
-6.514583703034043660e-02
-5.704883861694608482e-01
-5.369685437864932798e-01
-1.000000000000000000e+00
6.314540188284005762e-01
1.000000000000000000e+00
-8.631657616284912349e-01
1.000000000000000000e+00
-8.198299138410121145e-01
1.000000000000000000e+00
2.060374812636971420e-01
1.361232679813190738e-01
3.953777920716678995e-01
7.367200411362635482e-01
4.604697664061807583e-02
7.825180527014633514e-01
-2.696366244821982172e-01
1.000000000000000000e+00
-2.123361036380233546e-02
-1.323141194750640792e-01
-1.739983470307136793e-01
1.179756750116925101e-01
8.745331566548814051e-01
5.950052806981872555e-01
-9.044531039881748002e-01
4.660860768904252494e-01
3.658243983257463139e-01
-3.142406191845087404e-02
1.577320057649609364e-01
5.415377015493259005e-01
-7.584955614436559301e-01
3.708443161375256092e-01
-1.496921640524404573e-01
-1.060498304174970069e-01
7.252002548162328477e-02
4.761466965083401871e-03
9.098059881633192569e-01
7.243698121099978460e-02
5.348828986033951072e-01
-1.000000000000000000e+00
-4.007488072830504011e-01
-7.129961820826058450e-01
3.349269846876953838e-01
7.324505013935154185e-01
-5.972504161911947884e-01
3.929911302460126765e-01
-2.890592478541217369e-01
6.523585130867006754e-01
2.462321374987662126e-01
2.125043941752848553e-01
-4.600241156056678049e-01
-6.465650535777776042e-01
8.784982561183421468e-02
7.108244076677332490e-01
7.130916875083838091e-01
9.482753970698706292e-01
-8.458521819745653536e-01
1.000000000000000000e+00
4.055959518291102350e-01
7.669069533107162329e-01
6.658374432204998694e-01
6.070458646953837967e-01
2.572072788056735115e-01
6.030647846491038466e-02
8.623297200383004402e-01
5.955113072729481538e-02
-1.000000000000000000e+00
-4.522981611544434899e-01
1.000000000000000000e+00
1.000000000000000000e+00
7.393876699237150740e-01
-6.073407230974028348e-01
-1.000000000000000000e+00
-9.670102246517204847e-01
2.184668436764535537e-01
3.483556935675174993e-01
2.727829353616650354e-01
-6.371913590672571015e-01
-4.613356249692736055e-01
-4.753628571460408736e-01
-5.320857832361386430e-03
2.732746932535224937e-01
4.407683792632038910e-01
2.962364186868625682e-01
7.570991098026054189e-01
9.461770058842056130e-01
3.357516675685439655e-01
8.431466968135155060e-01
2.240297627829210825e-01
4.392393860849271858e-01
-4.325325159958153809e-01
-1.243046169571558959e-02
5.679343951413611258e-01
-1.000000000000000000e+00
-6.389011452054818019e-01
1.745183632365793769e-01
1.000000000000000000e+00
