-7.056685587692917982e-02
1.760576564131021149e-01
-6.915034680810873136e-01
-2.495711178772240246e-01
-7.325179291364910528e-01
-1.978964049839498640e-01
-9.089719023530409281e-01
6.395897323309843729e-01
3.193369616282428769e-01
-8.658124067403080160e-01
5.824712290980555984e-01
-4.980707751316085785e-01
-5.822376705555336596e-01
2.047343139062288431e-01
4.961057030232046694e-01
-9.798845823902377905e-01
-1.807191996355283492e-01
-1.186456473839918868e-01
-5.785491930583824827e-01
1.000000000000000000e+00
3.964892877358234813e-01
-9.586061286103684242e-01
4.769700266905625430e-01
-4.304024430536627643e-01
-3.525993228727968276e-01
7.830916463251369475e-01
7.073224113068088403e-01
-8.798293074112242262e-01
-3.946230007968437592e-01
-1.789250443254337686e-01
1.000000000000000000e+00
2.684451938206137700e-01
2.499925328515070766e-01
-2.278278213002522812e-01
-5.868956251116487222e-01
1.000000000000000000e+00
6.475703884620669371e-01
2.142519962006077527e-01
3.481587271531301209e-01
7.636703391474338742e-01
6.629020824798216305e-01
-6.313074913619525219e-01
1.000000000000000000e+00
1.000000000000000000e+00
-4.966056427733591683e-01
-5.229813828093307082e-01
-1.000000000000000000e+00
-2.488603808090547598e-01
-1.000000000000000000e+00
-2.725275100914825721e-02
2.439706031034526990e-01
-1.000000000000000000e+00
-9.459025087921443253e-01
9.986738054281687482e-01
1.000000000000000000e+00
1.000000000000000000e+00
-2.051992890282721693e-01
4.994411270950034343e-01
3.927982019118761992e-01
-5.994704567869115763e-01
-8.108801052397472675e-02
-2.951223155650876118e-01
-1.000000000000000000e+00
-1.000000000000000000e+00
6.892224010627969744e-01
-3.005467227722775636e-01
-4.764407773996353623e-01
-7.789215028783030847e-02
-9.255307635845985148e-01
5.917737967095416662e-01
-9.246849574570057406e-01
-9.053412875404079907e-01
4.910441113111068123e-01
1.170822649194218912e-01
6.318569287084774277e-01
-1.000000000000000000e+00
7.669446193103155451e-01
2.774415294106702956e-01
-1.969682089303810835e-01
-1.000000000000000000e+00
-4.726018564832909497e-01
-2.387198847147111724e-01
-1.879116786869651223e-01
-8.278608186798632751e-01
-2.481096664779527949e-02
-7.959487806308450653e-01
7.296618834077804872e-01
2.198172985828620030e-01
-9.666976266470794776e-01
7.332861553753453610e-01
-1.137299978855809413e-01
1.146518845052840463e-01
-3.192834273819704638e-01
-3.636870906036237527e-01
-2.095309062104995512e-01
-1.778176326220902159e-01
6.526420115673384759e-01
-1.000000000000000000e+00
-5.234603187875938035e-01
-7.245169327062399578e-01
-6.574138624813489207e-01
-4.383499890286216005e-01
3.480087746160942519e-01
6.566953273731975793e-01
-3.633045806377088738e-02
-5.999153746056267167e-01
-5.022420672298397171e-02
6.542476452084526883e-01
4.869737989885948859e-01
4.659166214710551701e-01
4.452438628205646065e-01
1.502884983012810205e-01
-3.809145002890806930e-01
-8.927707265540218984e-01
-4.979148523357059819e-01
5.162967764148139738e-01
7.022204015087147866e-01
-1.000000000000000000e+00
1.000000000000000000e+00
-4.156246984588573001e-01
8.308790995154182735e-01
4.183816705613935261e-01
-2.609232440254954932e-01
-6.482607165995940557e-02
4.551244495505264442e-01
9.842752887670753736e-01
-5.703298300887988947e-01
-4.355061419958062841e-01
2.278000573559002262e-01
5.303954675503177452e-01
5.848761934224916414e-01
2.385777226009211938e-01
1.264708756701774239e-01
2.322968362830010736e-01
-1.291238188864395620e-01
4.341793972173375038e-01
1.519813283966320872e-01
-1.378055720865915823e-01
1.000000000000000000e+00
7.434667274909076973e-01
-1.469555885513317006e-01
-9.050975027604279965e-02
1.317976126378093693e-01
-7.406734714582474677e-02
1.033683969256258411e-01
-1.000000000000000000e+00
-1.000000000000000000e+00
3.387614002507277067e-01
-2.823457835388873405e-01
-5.308663795130172947e-01
7.004202719595740145e-01
-7.821650106121016410e-01
-2.466682621252284102e-01
9.521858432321375076e-01
-4.935989140022242760e-01
1.793889974006050991e-01
-5.831856461545321668e-01
-3.470336837542831177e-01
-4.985796630648152150e-01
-7.737180744346410233e-01
-4.873255492639065323e-01
-9.032021919486490358e-01
5.015805723759036994e-01
-1.477875885955425295e-01
-9.793752016254291259e-01
5.489499005197810977e-01
4.956720700847273564e-01
-1.000000000000000000e+00
5.926508901116802619e-01
-5.892141058777824458e-01
-4.466336246253221898e-01
-4.761634825925715186e-01
3.498132676443926892e-02
-1.147307338649465325e-01
9.750241419956709454e-02
4.654313641126880396e-01
1.000000000000000000e+00
5.370424427993372163e-01
-9.440173712131036954e-01
7.366161962659079077e-01
8.347143773757977891e-01
-1.000000000000000000e+00
5.121338869289102647e-01
2.051869030365897906e-01
7.960563482453776318e-01
5.239812343952245932e-01
-9.994560049465781582e-01
1.000000000000000000e+00
-2.387511666983180292e-01
-4.942687736197879378e-01
4.352252565611719470e-01
8.533731017009731357e-01
7.730362250037220440e-01
5.662089590501757641e-01
7.321828860360639624e-01
5.689886675676011918e-02
6.809841840449996908e-02
5.158522729396003426e-02
-6.505168434320749427e-01
4.890064653294473596e-01
-5.967741336069871672e-01
-1.000000000000000000e+00
1.000000000000000000e+00
9.047477827486659629e-01
4.400993859694165566e-01
-4.031477618086642956e-03
1.107356007310440760e-01
2.682460608583271400e-01
2.174482441016346024e-01
4.985082954440944736e-01
1.785049376005419797e-01
6.417618309559429690e-01
4.590018941833722277e-01
9.095185391478946002e-01
7.352412744888078278e-01
-3.852147842788754550e-01
9.317377767074209727e-01
-2.941037807890762856e-01
3.272385221564416691e-01
-8.187342994984438960e-01
1.000000000000000000e+00
4.081372630652312927e-01
2.044301676756958841e-01
6.532226638123876938e-01
8.362314228356831913e-01
-1.579335061339125490e-01
7.259688296779067684e-01
2.555601514291445109e-01
1.017944062948525352e-01
-9.406899988212769070e-01
1.000000000000000000e+00
7.427727158769024118e-01
6.904281846529414235e-01
4.815351280329325245e-01
6.571107334028619684e-01
8.371100219454773450e-01
3.800476207278368768e-01
-1.713048196293496250e-01
8.889710099435419455e-01
-2.606386486524187585e-01
-1.000000000000000000e+00
7.052210882750813425e-01
-4.124445679627903871e-01
4.203125667089502859e-01
1.574858587239492125e-01
-4.158918417877588425e-02
9.119780601147170485e-01
4.866798631434943179e-01
8.262108546361195405e-01
-8.093727815786058155e-01
-1.770254508668685778e-01
6.921922320794840489e-02
-4.522454475328153700e-01
-7.648645086023838635e-01
7.913217601153482716e-02
-5.733972964859197496e-01
5.257161301984349944e-01
7.169607469280455669e-01
6.500130923537160710e-01
-2.869702148841273281e-01
-3.627158541031145211e-01
5.040314426512969570e-01
5.943742360741557929e-02
-1.377471453647829691e-01
3.690503721840068252e-01
