3.903020069582329166e-01
5.424156209361955527e-01
-4.034094593726967326e-01
2.030167569629645064e-01
1.729475406250038927e-01
-6.200907645228982412e-01
-2.611473430047218103e-01
3.825647726249244984e-01
-4.781887204288103321e-01
-8.128405278506853904e-01
-6.318530981462952556e-02
-7.618703035386897859e-01
-7.759404975947445937e-01
1.000000000000000000e+00
-4.672856471287140101e-01
-7.395864584740589054e-01
2.301294278339809929e-01
9.825184192998904775e-01
6.444494571856917986e-01
-3.229143244352223330e-01
-6.074320276641859140e-01
-6.319028614689965462e-01
2.731273844147717456e-01
-2.387527148599903615e-01
-2.688976430231801995e-01
4.894687802455980896e-01
-7.511319205759454665e-01
2.123518926643245264e-01
-6.518345061053800737e-01
3.958675537820279255e-01
4.095253286256522740e-01
4.829035633880360834e-01
-4.800312478010883011e-01
-6.727098336330074035e-01
9.587036017217243078e-01
-5.565717528530922387e-01
1.574044222498563739e-01
-1.384258595277811782e-02
-1.868408265047528938e-01
-6.732804962505853918e-01
-2.593276884824361472e-01
1.000000000000000000e+00
2.370297533987508753e-02
-7.890473900917691630e-01
1.000000000000000000e+00
4.409085592630316297e-01
-1.701289881231539125e-01
-7.168979981202566742e-01
4.336353488632873066e-01
-2.341810514484902739e-01
-1.034722690415364466e-01
-9.731808190301168837e-01
-7.206318670374858293e-01
-6.530157887724270527e-01
1.000000000000000000e+00
1.447859246224253993e-01
-1.676452902021204339e-01
5.870076577844476895e-02
-5.726229207507750329e-01
-3.842190158847396120e-01
-4.857908311346803565e-02
-2.650969444159347876e-01
7.775501857697562080e-01
-1.000000000000000000e+00
2.639130078332911911e-01
-8.783941061195824074e-02
-3.390413327891698136e-01
1.000000000000000000e+00
-1.026247679897643594e-01
3.084202740389725972e-01
-8.233963711658327522e-01
6.895693547719039529e-01
-3.844010129424217936e-01
5.777052541486846771e-01
-5.393549708138563048e-01
6.913645465004776280e-01
8.578934802706239537e-01
4.837815572385366358e-02
-6.832183984099174934e-01
2.639545819466392884e-01
-1.968206086430287216e-01
4.774688401228216472e-02
3.916953863091468535e-02
3.204416012832853600e-01
1.055423549536073646e-01
-8.573622838365345666e-01
-7.069663415613044455e-01
-3.587701895845962774e-01
-6.945336678760261062e-01
1.000000000000000000e+00
6.528742258023532141e-01
-1.149712346086678716e-02
-8.812550140023728273e-02
3.416871065088679105e-01
1.000000000000000000e+00
-1.833589837948235157e-02
5.899751419896483995e-01
3.578978733219564390e-01
1.000000000000000000e+00
8.075414456283627196e-01
7.755618198100009408e-01
9.651590531162680398e-01
-1.440799298989051680e-01
-2.788358517951323723e-01
-7.944192861937560135e-01
2.458624296241712359e-01
1.000000000000000000e+00
5.273663174917575525e-02
-6.652093017179244727e-01
9.360568800219953856e-01
-5.551651005926724891e-02
-5.813633896372060184e-01
2.182959273621414703e-02
5.983585147689336470e-01
1.000000000000000000e+00
9.663636775621780028e-01
-7.157114337204970589e-01
-5.668713049927599501e-01
8.693736970905116546e-02
-8.891850307300603884e-01
-3.321561152458124555e-01
1.000000000000000000e+00
3.646537181082751267e-01
5.938611550296594155e-01
2.751967950169189603e-01
-4.581079925754726334e-01
4.200945174486525602e-01
9.011625353963026441e-01
1.000000000000000000e+00
3.761965363967395559e-01
-1.000000000000000000e+00
-5.472023243169743534e-01
-1.787252302787531166e-01
-5.757112553318117776e-01
-3.708793298147227135e-01
-2.077688678167652070e-01
-8.394241315281059101e-01
7.255557167928261553e-01
-4.902103488602219672e-01
-5.853398804163567615e-01
2.930097442739666436e-01
-9.277888328788477246e-01
-3.344267428992138136e-01
-6.806477161075275006e-01
5.142578094101430547e-02
-5.397533842846735652e-01
-2.989818671088014246e-01
8.651917190053788342e-01
2.878243215397137400e-02
-5.915452128002360865e-01
5.157529097311648325e-01
6.883478294348646109e-01
-6.139102809524655813e-01
4.180566531740000369e-01
4.331455955214946751e-03
1.657389888665584121e-01
-5.557311239930915470e-01
-1.432930779375782560e-01
4.782020290633512416e-01
4.460355069070853218e-01
-1.634925280181774299e-01
3.745027646752295825e-01
-8.356957914394907982e-01
9.512771443035477059e-01
7.547891052012856150e-01
5.959127387896040462e-01
-4.851757340573083499e-01
9.205910350909987105e-01
8.583518750106641226e-01
-8.692515923224996000e-01
7.125080639500099844e-01
4.756201859485766348e-01
1.683179458037541987e-01
-5.243304515847238001e-01
-6.820425850441182991e-01
6.187808192307524546e-01
4.544087313441269593e-01
8.031412020318661193e-01
5.101373197519454283e-01
6.056819003253330336e-02
-4.742520990671773573e-01
2.103213013664656517e-02
-5.855434274986972554e-01
2.200632646317508267e-01
8.063758164669780903e-01
1.000000000000000000e+00
8.540299948737488656e-01
9.321748195421950545e-01
-4.441167188173502645e-01
8.128284615478933439e-01
3.630873154403592151e-01
2.575921248112124085e-01
-7.063216773838759677e-01
-1.247721715672184262e-01
-8.085153754574120333e-01
8.195305804912913494e-01
1.000000000000000000e+00
-1.290332787552094240e-01
1.361733439183584193e-01
7.222702603265998000e-01
7.882625750244084406e-01
-2.826060261369420235e-01
-7.731469130322176087e-01
1.000000000000000000e+00
-3.891164323038569239e-02
2.373161963982226008e-01
2.086512718785876186e-01
5.172003410824588254e-01
-1.000000000000000000e+00
-7.156763072022408467e-01
4.473415418631742635e-01
-2.367892722440606001e-01
3.550258343258909655e-01
9.525334675366292636e-01
1.262754689573327427e-01
-5.943108628966371487e-01
6.080080366560399741e-01
-1.000000000000000000e+00
1.440324159726475983e-01
4.119602632332549086e-01
6.866062164496715692e-01
5.256008640387701547e-01
5.421351424708269473e-01
9.695044745246295115e-01
-1.831380888638527438e-01
7.630391649845411628e-01
-5.117162872306835197e-01
5.656856492556405075e-02
5.170489421829191912e-01
-6.957202435010536590e-01
1.000000000000000000e+00
-5.915345617904119169e-02
9.762138554558055237e-01
9.310678930285477550e-01
-1.117175406813755156e-01
-5.348957603533512906e-01
8.155261359210778105e-01
-4.343645538286270424e-01
9.626531607574367877e-02
7.097662100644183680e-02
-7.301159411098242513e-01
7.607357862157180239e-01
7.435936173704501551e-01
-5.453696347371329578e-01
-8.246766716937048436e-01
-3.927540521908302606e-01
3.107938007470554265e-01
2.100293845594673747e-02
-5.963782514492684816e-01
-5.149579743113874564e-02
3.570397650240191290e-01
3.021576463870079277e-03
2.123715132475121892e-01
-1.407177821590018252e-01
7.187769243874371217e-01
-6.147794719632775351e-01
5.747184291366052022e-01
-7.857188823062712935e-01
-4.097852394393538544e-01
-8.919185182429071324e-01
-1.000000000000000000e+00
8.268023130860617520e-02
1.479153327756498881e-01
6.948453284840347965e-01
-7.357112833022754206e-01
