-3.307889239485962696e-01
-4.786518153261951625e-01
-9.252711427329936289e-02
-7.634592848844959923e-01
-1.419171957527176620e-02
5.357952391556191074e-01
1.000000000000000000e+00
-1.788780556099789365e-01
-4.286204239674646921e-01
3.188608355495567981e-01
-7.380760321848119920e-01
9.344468349707742982e-01
4.574883276916482111e-01
8.234356884380564789e-01
-6.225616966907379091e-01
-4.961683000646542885e-01
-3.365988068462938410e-01
-3.333509978520388106e-01
-8.211906149428214174e-01
4.263346855744231667e-01
9.539862453350136939e-02
6.992093347516274982e-01
3.222927455053140045e-01
-8.994350908730439631e-01
7.309902297743492428e-01
1.128417073474794891e-01
3.531917882928624630e-01
4.645885972150932686e-01
-2.900083967406780205e-02
-1.813254373974285127e-01
4.567699452611273525e-01
1.000000000000000000e+00
8.170035847952373809e-01
-9.189172483151637483e-01
-1.309510103302777839e-01
-3.232222021866439365e-01
-9.578642730298769781e-01
-5.001771649599194847e-01
1.365729703341651002e-01
1.000000000000000000e+00
-1.000000000000000000e+00
-2.198967820362875414e-01
-4.691048549044245508e-01
2.807119740095294635e-01
4.011183514507954961e-01
-3.400500796604251641e-01
1.000000000000000000e+00
1.701154154330761781e-01
7.361822677887497335e-01
5.799816240672520662e-01
4.839463937991311804e-01
6.856705401215035245e-02
-1.273504822485813093e-01
5.312360918675634869e-01
-3.300707189622576615e-02
-2.429578635104990836e-01
-4.451213318746191638e-01
3.821273927815555527e-01
5.372299067859931387e-01
3.339442454993149512e-02
5.360920461685472205e-01
5.382492119207806791e-01
-7.206200111516214424e-01
8.295098161382556956e-01
-1.000000000000000000e+00
3.198283725728155447e-01
-8.849159095027745447e-01
-2.745218294045905782e-01
1.000000000000000000e+00
7.044587622177169717e-01
-1.000000000000000000e+00
3.760641667680070244e-01
1.000000000000000000e+00
7.804486570268005519e-01
3.648782843594459147e-01
3.558808565302878923e-01
-3.023329675962821428e-02
9.706687625982637346e-01
-5.329366141132569901e-01
2.109002710758145493e-01
-4.710928194094460286e-01
1.274295165975023181e-01
-7.359887364455646175e-01
5.446200092046209473e-01
1.877699317440347515e-01
1.807354581989505937e-01
-1.000000000000000000e+00
1.000000000000000000e+00
1.000000000000000000e+00
-4.661799738122819337e-01
-1.030107012890332796e-01
1.000000000000000000e+00
9.344053224803626767e-01
7.357093022638825364e-01
-1.000000000000000000e+00
5.348435680648844226e-01
1.000000000000000000e+00
1.000000000000000000e+00
-4.289937148252611632e-01
-8.808508865979756131e-01
3.470385800021316136e-01
9.580654560099797212e-01
1.000000000000000000e+00
-6.084203631492037800e-01
7.793201988192366425e-02
8.801319331897970999e-01
3.792479354508180300e-01
-1.000000000000000000e+00
5.615181259229972133e-01
9.870278848384519410e-01
9.003174687744657234e-01
-3.869954442911784365e-01
1.000000000000000000e+00
-1.547407695263161576e-01
3.820765404680800392e-01
4.808331726712763432e-01
-8.486670643396786451e-01
1.308882469877577504e-01
1.000000000000000000e+00
8.129420124697067651e-01
8.172819355763634164e-01
5.567216824107674711e-01
-3.887826415983374195e-01
3.459281482170999955e-01
5.852865965020638273e-01
-2.704858791742996704e-01
5.851599934812340420e-01
1.000000000000000000e+00
2.862613876646613598e-01
1.000000000000000000e+00
3.455780660179832986e-01
2.287719606725632515e-01
6.683621791772847986e-01
-1.000000000000000000e+00
8.686799851700357511e-01
2.117775584494617780e-01
-4.873704712519587035e-01
-1.317730117378776433e-02
1.000000000000000000e+00
-7.424860210305154196e-01
9.617905839240298294e-03
-8.367203053414855596e-01
-1.097590813334464038e-01
-5.823276289700155539e-01
1.921721038540197268e-01
6.822636999127669188e-01
1.776636252617050382e-01
-4.740019561260131464e-01
-7.769915680489042353e-01
9.797713097515148295e-02
7.950898845069992449e-01
8.976542530255440244e-01
3.853784803230730915e-01
-1.527605368650436501e-01
6.091033560130856284e-01
-9.688124456174029842e-02
-2.043180263480208203e-01
-6.485483463790110426e-01
-2.270286986251134065e-01
3.814746571792300422e-02
-5.437935723684054201e-01
7.005759199415289018e-01
-1.000000000000000000e+00
-4.593001338557284874e-01
-1.900998545728480038e-01
3.380631731648846006e-01
4.982232797753456399e-01
-8.614670033892044554e-01
-2.439313475951616628e-01
1.000000000000000000e+00
-3.030514404515399218e-01
7.207649957113725359e-01
-8.146078028705812102e-01
1.054896151986462194e-01
-9.339591817015608921e-01
-7.217450303911648879e-01
5.551002024964900583e-01
1.000000000000000000e+00
-3.006372093278870117e-01
9.120006915896197719e-02
-4.174773965638520767e-01
1.412521733440768035e-01
9.080345858450583618e-01
4.106987197809902623e-02
5.047577348871864489e-01
9.915163225066633279e-01
6.180765590831358569e-01
4.315538942751920848e-01
9.432947457507408207e-02
1.000000000000000000e+00
4.197950974328729656e-01
-1.038738036754641436e-01
-1.337619496374193584e-01
-8.170948508633192331e-01
3.287352772390125799e-01
3.163698098262918146e-03
2.069552042662036739e-01
-4.046112154662030447e-01
-3.838588527472290290e-01
1.906712006492002343e-01
8.991369592420747625e-02
-5.323078338962292655e-01
-1.243720057905198101e-01
8.278077298036122800e-01
1.000000000000000000e+00
2.093492206483146822e-01
1.000000000000000000e+00
-5.477112100831907915e-01
-1.000000000000000000e+00
3.999502788132043851e-01
5.856347596605516737e-01
-9.428117426444542204e-01
-7.917009269486624534e-01
-1.838153594815939984e-01
1.000000000000000000e+00
-4.578407306263890808e-01
5.331395550615507517e-01
1.000000000000000000e+00
6.714211583186270316e-01
-3.429378132071497776e-01
-1.689704516766457332e-01
-1.000000000000000000e+00
4.257465163365840577e-01
1.000000000000000000e+00
2.107573666049569749e-01
9.761955375339873564e-01
-1.119117542322558556e-01
-1.656383462383665406e-01
-1.000000000000000000e+00
4.286765001357742411e-01
2.636994368891388274e-01
7.672369710936127740e-01
6.803669687769944296e-01
3.655032805850579880e-01
-1.000000000000000000e+00
-7.629658224070479111e-01
-3.035286272374159711e-01
-5.927756983110816780e-01
-8.843547192491696407e-02
-5.254459559376837285e-01
-9.704898160092685355e-01
6.711667954964516403e-01
1.000000000000000000e+00
-3.952787965424287009e-01
2.879217937184064824e-01
1.084404007544013254e-02
8.090169215279457982e-01
-6.077998758567499937e-01
-7.129947370628485492e-01
-8.689413660696564401e-01
4.064603941524035924e-01
-5.355732293589682280e-01
5.484217760482550386e-01
6.614617612020349258e-01
-6.311918947789094680e-01
-4.933034481675852567e-01
4.469169822768508382e-01
4.866493856890443115e-01
2.756856918097251863e-01
4.931568213968191561e-01
4.095898443374400011e-01
5.660612160014146799e-01
-4.951206054086020880e-01
7.292493649280704648e-01
-9.881758293873593724e-01
