1.793497786950677964e-01
-2.084124167073083678e-01
2.066028799333092802e-01
3.225044653898806457e-01
4.703930372898956769e-03
-3.680915432176462554e-01
-1.000000000000000000e+00
5.533164223503692636e-01
3.200413188024077704e-01
-1.787465699973744826e-02
9.501788494866896251e-01
-9.380083137862954556e-01
6.290744430939713139e-01
-1.559172957233077583e-01
-3.598633282798885391e-01
-2.322264436964946999e-01
5.005377957204409922e-01
-9.264969933333160323e-01
-3.635574823987314241e-02
9.375119499570551129e-01
-1.000000000000000000e+00
-3.779032987926111975e-02
5.181440728402775253e-02
2.965400202224095505e-01
-7.539365419553342162e-01
8.879976961250973799e-01
4.789908510135580944e-01
2.359715569298864168e-01
-9.581298074544819521e-01
3.899556959300837927e-02
-8.776220047602055763e-01
1.431487453922568320e-01
-1.000000000000000000e+00
-4.836938731175679518e-01
-7.800668518077907843e-02
1.490325868550257948e-01
-3.079700772655737384e-01
4.829128837239642369e-01
3.500473005750255329e-01
-1.000000000000000000e+00
1.000000000000000000e+00
7.610875025727219523e-01
6.282374054901240790e-02
5.228734234704315309e-01
-3.998288119200449908e-01
-1.000000000000000000e+00
-5.670255241899435639e-01
-1.000000000000000000e+00
-1.016812244768373896e-01
7.142138404815236985e-01
8.615094863383281343e-01
4.181387026401037210e-01
-4.412571918536359883e-01
2.903417573220031800e-01
8.679532280179154125e-01
3.547617758099825824e-01
6.359427350669080159e-01
1.000000000000000000e+00
1.000000000000000000e+00
-1.435298396605589888e-01
9.602557954973418575e-01
-3.982141146387087050e-01
-7.886390564046625862e-01
8.037731243941045323e-01
1.000000000000000000e+00
-1.000000000000000000e+00
3.544198553170370136e-01
9.638896269398778971e-01
1.887201446599051646e-01
4.736961004925616114e-02
-1.625579223378730287e-01
-5.041428609915636905e-01
6.322953456384057258e-01
6.313813180059926200e-01
1.117763832984015049e-01
-1.867719751131521333e-01
-3.319576077837851913e-02
-1.000000000000000000e+00
-8.350755884780663996e-02
2.196004856924957394e-02
-8.589048818220243464e-02
9.960497706089099790e-01
5.680939373369275902e-01
-4.824862031737710000e-01
-4.196140274938927606e-01
1.137591333775613556e-01
-1.000000000000000000e+00
-6.079900208531806571e-01
5.683543670778657964e-01
7.233790236213553104e-01
-7.698384882728821488e-01
-3.597847574124423131e-01
-7.985921750506295158e-01
-1.000000000000000000e+00
5.791944728365144845e-02
1.199034807734917774e-01
3.470262078179782161e-01
2.365975682301260929e-01
-6.282267092886033577e-01
-3.213737746253484406e-01
6.890261167976406975e-01
6.715262123652457893e-01
8.440435884843665582e-01
-6.588336035925740353e-01
-1.178238869830408320e-01
-5.477621023319195759e-02
4.119706584793536575e-02
-1.000000000000000000e+00
1.148497776933743025e-01
-6.083078483907242706e-01
2.212184034620510720e-01
7.541734741271760578e-01
-9.314766682745806436e-01
-2.124427617731329265e-01
-1.000000000000000000e+00
-1.000000000000000000e+00
-4.974974924736965676e-01
-4.596890047898163356e-01
2.572486177885285538e-02
6.951208836632819521e-01
-1.346172220816217457e-01
-4.185518432158649715e-01
-2.370337329656632686e-01
6.312294702209462205e-01
5.569015216857179373e-01
3.574794499673028536e-01
5.551170882776997884e-01
3.866181951423336427e-01
-1.586998106661467733e-01
-4.083924891149947611e-01
3.856350958790809025e-01
1.876354291521206974e-01
-5.293515018043740139e-02
8.024495077034619062e-01
9.559441437027780264e-01
-9.078321437816856410e-01
6.043132728416698851e-02
6.882054358991097631e-01
8.752800950367467525e-01
-2.879303426788163423e-01
-4.767151012043336356e-01
1.000000000000000000e+00
5.285720459478506772e-01
5.726405640427688626e-01
-2.625158602967447852e-01
3.884643793424015779e-01
-6.521931860536129832e-01
2.570219402822929711e-01
7.831053467635785692e-01
-1.000000000000000000e+00
-5.119984811190417817e-01
-4.365381977399953595e-01
-2.987728764696716000e-01
1.000000000000000000e+00
-2.525246710950192486e-01
-6.233602104963722468e-01
6.395769042170279528e-01
-5.085398307302297916e-01
7.189566931541222505e-01
-1.000000000000000000e+00
1.363223960482889408e-01
4.866249009760432731e-01
1.000000000000000000e+00
-1.646423399824949452e-01
-3.497251027659829814e-02
-6.055042220471524850e-01
5.772703403372267950e-01
7.802811258795476768e-01
1.820402541455178880e-01
-5.816883867810684894e-02
4.372936687163368474e-01
1.000000000000000000e+00
-1.000000000000000000e+00
6.266082090439318852e-01
-2.719911147296403819e-01
1.186477541166035682e-01
7.742751579182793886e-01
4.117831003261613887e-01
6.614960249025169103e-01
-2.394676348512856379e-01
1.189948391742196021e-02
-8.559998972063427303e-01
-4.127071305904921883e-01
8.768622219196019474e-01
7.466035051851634963e-01
4.786777043732969861e-01
1.000000000000000000e+00
-5.306547614063062968e-01
2.667233733488333924e-01
-3.807298667652374013e-01
-1.000000000000000000e+00
-8.816846200006511758e-02
1.301203354034180526e-02
-3.224503095640867123e-01
2.697890715192369226e-01
-5.239339306601539237e-01
1.576665744383475010e-01
7.430322924878828283e-01
5.439710946179118212e-01
1.000000000000000000e+00
-6.924829498116266691e-02
6.856151758316034739e-01
-7.018263904176487156e-01
7.914585708359918037e-01
-8.642819775554454464e-01
1.569914240958758533e-01
-3.050272132891030386e-01
-1.418109363782954213e-01
3.572378996277845165e-01
1.780440857789002962e-01
8.736008893719470203e-01
1.645038279127990222e-01
1.160533839373818488e-01
1.000000000000000000e+00
5.612656638406345877e-01
-1.000000000000000000e+00
-8.354782587431615060e-01
-4.507598383816788790e-01
-2.977344697719754851e-01
7.311330298728324628e-03
-7.396974985835766958e-01
6.258640868286813319e-01
5.866168037751194886e-01
-3.240936521370057499e-01
7.336793998362094449e-01
-1.374884868198953669e-01
8.351749378671203816e-01
3.195036096227206190e-01
5.408856950082695514e-01
-1.000000000000000000e+00
1.780669400485349885e-01
8.947821940194045087e-01
-9.821712053830006228e-01
-2.189994976200785870e-01
5.973809696066849639e-01
-7.036886373029490604e-01
2.322826666846271038e-01
3.182548581559935807e-01
5.154857435576269964e-01
-2.051254208252473454e-01
-2.629036724517798684e-01
3.643320390457638891e-01
8.619089450113510686e-01
7.320092165634377313e-02
1.032973606850537407e-02
4.262723027727379765e-01
2.178071150471576067e-01
4.220271272901660597e-01
-7.061697977564616036e-01
8.336085792789391657e-01
-5.835215694994227986e-02
-6.072645184283491648e-01
4.105254106038402906e-03
1.000000000000000000e+00
4.258366871494348449e-02
-1.817260577028341761e-01
-1.655963342061637089e-01
5.734112220341649468e-01
1.000000000000000000e+00
9.026034239180671381e-01
6.457009144674819012e-02
1.320156726441313877e-01
-7.916657541342935200e-01
-1.387901568094661864e-01
8.864042715790318994e-01
