8.282248768155327234e-02
-5.157592888433006895e-01
-2.855844688117656904e-01
-2.848099550276533831e-01
-1.785858346118331108e-01
-1.000000000000000000e+00
-1.882192673887598255e-01
-9.386546470151280186e-01
-6.143280291461884479e-01
-7.242919035085831903e-02
5.995099427465427899e-01
-2.798420602481385133e-01
6.515640486933841347e-01
-9.494422211369313302e-01
-9.004428415079495096e-01
-1.000000000000000000e+00
-6.754343563026360409e-02
5.919639092098516464e-01
-9.012041099934546828e-01
9.075579386579452068e-01
-8.601604592372136260e-03
-4.192086361865134947e-01
1.721131761480657052e-01
4.966046471996998779e-03
-6.023653703182072494e-01
-1.314705827869624977e-01
-7.973389550966376582e-01
-6.298675966060690579e-01
-1.913051979486322662e-01
2.709962036268331875e-01
-6.788021832023400925e-01
-8.984856878010584191e-01
-1.836725726032162331e-01
2.222109347031815396e-01
1.953800649103998033e-01
-9.720768371006456299e-01
1.000000000000000000e+00
-2.868307643698829179e-01
6.139464539133085430e-02
2.042023438028331972e-01
-7.075839027950332483e-01
-8.369477104570305359e-01
-5.924495204998976305e-01
2.389483401118439876e-01
-6.069422199138843066e-01
2.615177273879668585e-01
-1.000000000000000000e+00
2.426048213335829651e-01
2.142971042805774939e-01
6.239478989701727762e-01
3.608533022722286154e-01
6.688864386745700941e-01
3.436142205852722037e-02
6.291475624212558015e-01
9.683209742298578560e-01
-1.000000000000000000e+00
4.784375770312707665e-01
1.399334423781136150e-01
7.216863123335099939e-01
4.413923335280128812e-01
-7.957643529938542848e-01
2.124860957636351411e-02
7.371812710188249129e-01
-3.481416878441745411e-01
-7.557770315995843147e-01
8.127313376749645268e-02
4.428201922930001810e-01
-1.000000000000000000e+00
9.290238011983531496e-03
-7.531463088182341892e-01
-6.753071368871408353e-01
2.921540895723376829e-01
7.907767119818120971e-01
6.544389685824775205e-01
7.272883688297782090e-01
-1.712419057281290569e-02
-7.306717572422103402e-01
-4.613326324579836712e-01
3.222190617595395157e-01
2.059644662311926888e-01
-9.829019407155338284e-01
4.647694143613788631e-01
-7.874476987019189966e-01
-4.640555083282610349e-01
-6.818239344973386906e-01
1.764071197381594791e-02
1.607246051595676850e-01
4.334195980603847143e-01
-2.526021506376782133e-01
6.509050261777060697e-05
-7.774430998502210866e-01
1.851982233385446597e-01
1.000000000000000000e+00
-5.694078165365182853e-01
-1.555468301854857627e-01
1.672878446825840082e-02
-1.587039017509069838e-01
-3.573504026814035561e-01
-3.045767531526691330e-02
-1.000000000000000000e+00
9.264021640686111170e-02
4.088656009737012820e-01
9.517061084359073053e-01
5.375027179125175802e-01
-7.319445677378306758e-01
3.443703669337406792e-01
-3.342944456770237105e-01
6.502768046597044993e-01
-1.000000000000000000e+00
4.721774334682232732e-01
-5.772497048306401979e-04
4.222895334134623146e-01
5.632928221988113826e-01
7.715017025266294182e-01
-2.697888535874402027e-01
-8.813228014478838857e-01
3.448461939574836155e-01
3.697668134039466814e-01
8.971053613044620567e-01
-3.305595666975672531e-01
-2.564641109920329232e-01
-8.297184003218533999e-01
-4.757813590911643131e-01
3.930134543328828167e-01
-6.814921608020694244e-01
3.435479919128168191e-01
3.976729963753997676e-01
-9.275620822725740844e-01
-7.792514886283570252e-01
1.000000000000000000e+00
8.782616119106808616e-01
1.814324128640421863e-01
2.316151768773139219e-01
-7.020146891829630587e-01
4.497268463719206189e-02
-9.447377030749719573e-01
-6.862467398482161585e-01
-1.579784247350654591e-01
-5.169955638430354661e-01
-9.271576234940357431e-01
-6.350075842321113440e-01
-6.970420026666347413e-01
1.344240797201761151e-01
-4.757391618732450533e-01
7.221791653485353235e-01
-8.852422534062636128e-01
7.335105327487230209e-01
1.448583487533721681e-01
-9.825106838688266730e-01
8.096317581747874970e-01
-8.396814581934488597e-01
-2.334563630362682107e-01
-8.494106165458729096e-01
-6.260768623560672985e-01
-3.063070008285712076e-01
1.403632252979512551e-01
-6.218505936298076575e-01
-2.723308085170149662e-01
3.352094469876352179e-01
-7.259927434623809628e-01
7.348234895459592186e-01
-7.854084506929981391e-01
-1.821284340933000401e-01
3.497597184819828398e-01
-6.920883924232814621e-01
-3.196257236023578030e-01
-2.921145343077927725e-01
3.165915269591099701e-01
1.000000000000000000e+00
-1.629570808644032198e-01
1.825835884193054981e-01
-2.617069694965830084e-01
-1.334117563394122685e-01
-4.421214565985289585e-03
-3.053547014502963064e-01
1.965860972613039381e-01
-1.774470154267948074e-01
-2.025280365649164416e-01
6.683702839160923226e-01
3.239280530458750751e-01
-5.643612659652476049e-01
8.383489070233269835e-01
-4.165929793061544650e-01
3.889038503740981367e-01
-2.718722351447859786e-01
4.426779655886304843e-01
3.595521047135183390e-01
-4.202254403730968924e-01
3.154406191292230544e-02
-7.369156665485677715e-01
8.023576112176841191e-01
3.943450790290928265e-01
-1.610886184842248436e-01
5.997723918973401069e-01
-2.244292015153916131e-01
4.402962243634545580e-01
-2.776371336756356945e-01
4.195326261360105002e-01
7.985771049452929926e-01
-2.749080156721961377e-02
1.000000000000000000e+00
5.943561541456736652e-01
4.262445667497684054e-01
-6.778423710094544363e-01
3.808385413059536817e-01
-3.171622521474789513e-01
2.167060428209325873e-01
1.000000000000000000e+00
-7.480509123104297498e-01
1.940085005180183786e-01
-5.678163054402722842e-01
4.125733891439611334e-01
4.621854722122757941e-01
1.000000000000000000e+00
4.775327732547995918e-01
5.175118579506613470e-01
-8.000128333966236571e-01
7.332700769283861941e-02
-3.607912172715073140e-01
-8.499750328741599859e-01
-3.590548146926373363e-01
5.506266517859783605e-01
7.108045807347005418e-01
1.778533763248132393e-01
6.881867869301787621e-01
-3.121234630733795146e-01
6.478845244506679091e-01
-6.915535393415201959e-01
5.679268871534276508e-01
6.803196094475923994e-01
-5.744102693321860853e-01
2.399305525603809830e-01
5.803474739455622977e-01
5.172113298225175515e-02
2.092612435287408146e-01
3.098865667247138744e-02
-7.021630879073648135e-03
9.504920631473970927e-01
-3.014147813876245641e-01
5.601342633134028803e-01
6.567303206662136184e-01
-5.356356143258956815e-01
-4.900442691511659454e-01
3.000749980861270316e-01
3.245821146173717420e-01
8.839088679017166328e-01
-4.010861975736117468e-01
2.225819535162033291e-01
-5.646514677436681451e-01
4.020995389787290764e-02
1.000000000000000000e+00
8.255494541395580477e-02
-7.635484926243858439e-01
7.320195401638500687e-01
1.068420138361331206e-01
-4.092164736143373838e-01
5.107649934525883284e-02
-5.261179749682688422e-01
4.370151551792182398e-01
2.913010777706985799e-01
5.494988114582024519e-01
9.630989739674955530e-02
-4.477305648825959383e-01
2.344494554859946622e-01
4.645782308498758173e-01
