-2.621932046987183740e-01
-8.532872172402519717e-03
-8.074707205489356499e-02
-3.309261495776773254e-02
1.406559436512694328e-01
-1.000000000000000000e+00
-6.199265561555758475e-02
6.007064593834393618e-01
2.675728103612007303e-01
1.478828664430573148e-01
5.697451986965265669e-03
-6.765836576638629696e-01
-1.762780054135601460e-01
-3.677462475092853622e-01
1.907225669107088240e-01
-1.000000000000000000e+00
1.081615827508520117e-01
-3.716658571633436603e-01
-1.831477243174142733e-01
-4.272022977191661797e-01
8.575523911631960372e-01
1.000000000000000000e+00
-6.280959407604375100e-01
4.399573339733233723e-01
9.902238060091945737e-01
6.918498337367942064e-01
8.827538807297691248e-02
-7.412938664027570734e-01
6.441951391355196788e-02
7.038372523111389167e-01
-7.843520083191615755e-02
7.159657574997191354e-01
-9.102497343864497381e-01
-3.834849680109236325e-01
1.000000000000000000e+00
-1.000000000000000000e+00
-1.000000000000000000e+00
1.000000000000000000e+00
-3.947504219730252339e-01
1.000000000000000000e+00
1.650822410490636882e-01
7.321882769678058622e-01
-7.409337301807297771e-02
-3.050033839806299274e-01
-1.628187224477636308e-01
7.618118901085849659e-01
2.715649371458767614e-01
3.146183750115800759e-01
-1.000000000000000000e+00
4.090344271523455033e-01
-3.101536126802028615e-01
-1.365667530336583113e-01
-1.000000000000000000e+00
-6.937808181512310490e-01
7.157026865774674951e-01
4.028385096694010459e-01
-1.794301189261762464e-01
1.039792332802980668e-01
8.523551018253234801e-01
5.234221706235032689e-01
9.793814061789718473e-01
1.927286974813943177e-01
3.059382717920178241e-02
1.000000000000000000e+00
1.720391354495640623e-01
-3.142144226240182192e-01
-8.114593988894940324e-01
-4.946219767874046602e-01
4.704713651261790974e-02
-7.502947034571014751e-01
-1.000000000000000000e+00
8.280661247515549994e-02
1.000000000000000000e+00
4.924088158296410223e-01
-4.112203400811672571e-01
-1.000000000000000000e+00
6.559939620430932372e-01
-1.000000000000000000e+00
1.977550459053727949e-01
8.637222122362966381e-01
7.313576135517363408e-01
1.867486895236539213e-01
-5.040725217237099764e-01
-8.941596911520752755e-01
-8.447392999345939568e-01
-5.632732523856707196e-01
-6.593261970278582185e-01
7.502839695268872511e-01
6.655000764384011447e-01
2.711214334224457678e-01
-1.249274591217627017e-01
1.381984891519215108e-01
-1.600875864505579282e-01
-9.826111381866484695e-01
-3.348332901611641432e-01
4.375897468232055054e-01
5.230625559583026440e-01
-7.389965252020580522e-01
-1.000000000000000000e+00
-5.286468531179056018e-01
-1.179504122337178967e-01
1.696227380560825504e-01
2.083655467492815383e-01
-2.782808102717223009e-01
-3.169420350864516345e-01
-5.068152058027799445e-01
-8.599330933132178778e-01
-1.022784622467553667e-01
-9.876620089099896749e-02
7.567304043472187214e-01
-1.922626369731384177e-01
4.933991999939867923e-01
1.000000000000000000e+00
-5.730530878701025621e-01
4.068666748888757900e-01
-7.517773119442310303e-01
-4.836013737757950404e-01
-8.140032219859594242e-01
-7.651902768402758792e-02
7.130267693987950572e-01
6.521856164976681525e-01
7.860347474616939945e-01
5.924857505427809645e-01
-3.197706078823597808e-02
1.000000000000000000e+00
8.260290324306426291e-01
-1.000000000000000000e+00
7.269001981592106976e-01
-4.094450547543959096e-01
-2.990236538947473877e-01
1.171377095011414543e-01
8.552018747637801788e-01
-8.382894243151270963e-01
-3.187853218305035652e-01
-5.202304527415968494e-01
-4.362170595691244324e-01
-1.722727721335384488e-01
-7.061799240568136238e-01
4.774097357555823207e-01
-4.192241052209993990e-01
1.367895261253319339e-01
-1.777459539569139213e-01
1.000000000000000000e+00
1.232342358429505125e-01
-8.824823346402694835e-01
-7.569187282182444632e-01
-3.020990734222790963e-01
5.353246235733447600e-01
1.000000000000000000e+00
3.307703684889145429e-02
3.453151141260811796e-01
-6.151423621155904797e-01
2.000038424232585821e-01
-4.943942718888512666e-01
-1.000000000000000000e+00
-3.084198712891156324e-01
-1.341440314518904664e-01
9.287770490856973593e-01
-1.000000000000000000e+00
2.982836111029821269e-01
8.116788248404276374e-01
5.067910249601743633e-01
-9.557800590067120350e-01
-4.276162027292507162e-01
5.391094253787842572e-02
1.000000000000000000e+00
-2.223903546707966736e-02
3.267017638439606020e-01
8.238800764486022832e-01
-3.490207892446500759e-01
-3.878508252848199556e-01
-2.321051449936239464e-01
-1.000000000000000000e+00
-4.480172329575496937e-01
-4.446368690125301337e-01
1.000000000000000000e+00
-3.254376532559178914e-01
9.700884561061051681e-04
5.832290498147736368e-01
-1.906817280499784051e-01
9.041397498823902090e-01
4.991889123250889959e-01
-1.000000000000000000e+00
3.902371490347352756e-01
6.067950003641615631e-01
1.000000000000000000e+00
-8.944657140765854830e-02
5.315367444483826143e-01
6.519378591085131514e-02
-3.946458560920493852e-01
4.289143430472708296e-01
7.977378690007203010e-01
1.567711826629443472e-01
-3.999003446516671278e-01
6.475525511403859014e-01
-2.156601084524115142e-01
7.716922810733217730e-01
1.000000000000000000e+00
1.000000000000000000e+00
4.126493396381409884e-01
-7.945495577852319802e-02
1.658817191238331490e-01
-5.000618017312135066e-01
-4.919795737452023476e-01
5.511626846694512860e-01
-9.180633969233475966e-01
7.914627286575492970e-01
-7.267963138184876382e-01
1.439532354019785187e-01
1.013924998639765263e-01
1.278470840737724185e-02
-2.509449213647907961e-01
-3.771871841036570361e-01
7.912663188550708160e-01
4.031556253700648296e-01
4.683459449019808929e-01
1.000000000000000000e+00
-7.168084668092512823e-02
-5.301958635005632470e-01
-3.173271150622580805e-01
2.081814291823351204e-01
5.271030333594224349e-01
4.772710048251832538e-02
6.029325573175110531e-01
3.496368814924155632e-03
1.000000000000000000e+00
-4.104582220443366847e-01
1.537018196715759788e-01
3.638752555099915020e-01
-3.403498867021928498e-02
-2.644127561592671261e-01
-1.000000000000000000e+00
-2.984446129634554801e-01
5.952657372244694045e-01
-1.195331837174362088e-01
-4.018617132457110719e-01
-1.396642895056706690e-01
-8.441015405726076670e-01
1.891176677067456791e-01
-7.754481260047387803e-01
7.412622013754048833e-01
-5.395071085945052358e-01
4.956776970357472112e-01
-7.532663019893488521e-01
-1.914265542994386671e-01
3.330298292819806050e-01
-5.951182840582374123e-01
-1.714194529049498927e-01
3.890530882162784865e-01
-6.718039991226147922e-01
-1.640607263175000996e-01
3.536157104188228373e-01
4.261476374047680760e-01
-5.454835668545598981e-01
5.547104956376514018e-01
3.384087932131990550e-01
-2.659394670224615176e-01
5.740194456998082284e-01
2.436353983173909776e-02
-6.377848920318701653e-01
-9.154243276318456690e-01
2.503377958358101729e-01
3.085701151664975717e-01
7.889383516130822338e-01
-7.458157733018992985e-01
