-8.495128625415148127e-01
1.000000000000000000e+00
4.340644144161451834e-01
-3.577125452989841081e-01
-1.000000000000000000e+00
-5.609617022990296409e-01
-1.611295940554081652e-01
4.117638957563946045e-01
-8.405470504933922893e-01
-1.000000000000000000e+00
-3.680240511068150200e-01
4.828290407440233856e-01
5.207008302949267531e-01
8.898729842926572653e-01
-4.667616352287020098e-01
7.445104525657040284e-01
3.029613986589318464e-01
-1.279352435329330628e-01
-9.122158204992611985e-01
-4.530393150231811217e-01
3.376316681907591821e-01
-1.000000000000000000e+00
1.000000000000000000e+00
1.000000000000000000e+00
-2.606781871389660110e-01
2.624471784028831189e-03
9.765967890461556555e-01
-3.283599557534319646e-02
-4.723091604712195135e-01
4.708142068554946880e-01
-1.000000000000000000e+00
1.024895465453683346e-01
-9.869542832534374810e-01
-3.772651486848112024e-01
1.000000000000000000e+00
-2.633987860176074669e-01
1.000000000000000000e+00
-1.000000000000000000e+00
7.520860102920193802e-01
9.952424435148445880e-01
-1.000000000000000000e+00
1.335097668635392143e-01
-1.723267699888608173e-01
-7.756964489831172926e-01
9.181570712822322289e-01
-9.086903647503243864e-01
-7.042687263050002588e-01
-2.956161364417085879e-01
-4.972119937613774243e-01
1.951434988943969995e-01
3.887290650745303111e-01
7.186338761687725007e-01
7.064691054661077496e-01
7.947121846755533792e-01
-1.956889872716398304e-02
-9.047821868083631980e-01
1.054722864993226095e-01
-4.065975837963756168e-01
-7.864505428440543566e-01
8.068220893061931465e-01
6.088117108403793276e-01
-4.922736007769064059e-01
-6.465489789767373541e-01
-2.910570739253985628e-02
-6.753178959134791270e-01
-7.911138675950364352e-01
-9.328328604322801976e-01
9.967254407803785576e-03
-8.800139682990713030e-01
1.000000000000000000e+00
7.237814590265287951e-01
8.820645958740519488e-01
-1.005269571902200620e-01
-2.967286804103596021e-01
-8.520165708898114199e-01
-2.321914963540068211e-01
4.430846464527674056e-02
2.751571991211586576e-01
5.632152633762930183e-01
-2.979089328341890108e-01
1.353128457672246876e-01
-2.303261080309537689e-03
8.102814103894733222e-01
7.984962050986453841e-01
-7.598952713297307815e-01
-6.628654553656112558e-01
-4.681626975779418220e-01
6.027001092606212307e-01
-2.336923877412447337e-01
-9.804633120110394229e-01
3.648959148738876723e-01
-5.902721578450567108e-01
6.419740219518237367e-01
-7.597311251894484085e-01
-7.260950708945940191e-01
8.377167280630839485e-01
4.633261843036002858e-01
-4.156597386733079658e-01
-5.404986176215744731e-01
-1.033084120546559626e-02
-4.878054014175013664e-02
-2.530430407269688708e-01
1.000000000000000000e+00
-7.405871123298329861e-01
2.348803070813316185e-01
-8.432818762752934960e-01
1.593997277897578613e-01
-1.454155110165075704e-02
-1.000000000000000000e+00
-3.425886968914795272e-01
-6.235067145508389475e-01
-1.000000000000000000e+00
-1.000000000000000000e+00
-8.167159128829734605e-02
5.266277275917190526e-01
-5.450298685999214188e-01
7.882310699820734845e-01
-9.304199837606702550e-02
2.799622491768083421e-01
4.648316266350381309e-01
-1.265379144143506107e-01
2.151166673745136815e-01
-6.725057493926404062e-01
1.567094113176825398e-01
-5.341726085070701568e-01
-7.797460347870867059e-01
7.829000127557267374e-01
5.514981696848939574e-01
9.539709906113025273e-01
4.647013611816577239e-01
-2.753064717510736448e-02
3.874217736528828282e-01
-4.544563724920234193e-01
-3.016870125578663409e-03
-3.946875577610430286e-01
9.933587191023367513e-01
9.890859216533797182e-01
2.940258143966409943e-01
-9.117834574494998456e-03
9.101703647293536426e-01
1.000000000000000000e+00
-3.379149808615982131e-01
1.816709643048836087e-01
-2.316302384918962065e-01
6.354034019491759944e-01
9.827805679394806537e-01
-4.134910659639771113e-01
4.242549468952348524e-01
-4.869349660586306250e-01
-1.000000000000000000e+00
-1.875325780135699560e-01
6.568424968500803374e-01
-4.171649667594101718e-01
3.711970396872076861e-01
4.789110931874538402e-01
1.000000000000000000e+00
3.227327895830585658e-01
5.557591969732500470e-01
-1.000000000000000000e+00
6.210576245117336303e-01
-3.193168391426926545e-01
6.361977804157794569e-01
3.676551684439701151e-01
-9.385654320805225659e-02
-1.038302796910830494e-01
1.864237363123283364e-02
-1.000000000000000000e+00
-2.707158883230052493e-01
6.893000699112269425e-01
1.507523584112270276e-01
6.281882066156789790e-01
9.373863446842536917e-02
-3.517326757334311438e-01
-1.252381673991662669e-01
-5.543113071549711154e-03
2.445500328357053110e-02
-2.916058852696977177e-01
6.516568863887306495e-01
-8.290404441781223932e-01
7.475611656343640332e-01
-6.069560454804976413e-01
8.412005604632341038e-01
-2.106066145548605995e-01
1.000000000000000000e+00
8.185428639190286404e-01
-3.661536750042921895e-01
-4.894224335540772741e-01
-4.812771216589452061e-01
-2.640054141437755963e-02
-4.026381656744263959e-01
-1.121134557451436975e-01
1.027916191708912880e-01
-4.706526508162884870e-01
-8.730803877095681953e-01
4.563045069442203672e-01
-9.039806847121965028e-01
-3.185531377750942805e-02
1.000000000000000000e+00
1.000000000000000000e+00
-9.158559221222628555e-01
-2.265052582909228840e-01
1.021171234749741891e-01
8.843745272280668646e-01
-3.149071360570829259e-01
-7.955026604018977654e-01
-8.541054699706831510e-01
-9.572436686430876307e-01
-2.834026069807605852e-01
1.000000000000000000e+00
2.876710886556340108e-01
3.839859420396104506e-01
8.680792022658827545e-01
-3.580593492721285687e-01
1.000000000000000000e+00
-9.441876018923501812e-01
-4.158916103012273435e-01
4.998138404351982200e-01
-7.122570712231739432e-01
-8.532333192138888966e-01
1.000000000000000000e+00
-4.826541638995481831e-01
6.535303459546644156e-01
1.000000000000000000e+00
1.000000000000000000e+00
-7.666654886069517172e-01
3.175653736548864625e-01
6.405486242922463491e-01
-1.000000000000000000e+00
-1.306313962110580151e-01
-4.948022408253243132e-01
4.175952481499505264e-01
-4.717880044314815002e-02
5.053834319191041757e-01
-5.514606212171246913e-01
-5.426431661882875623e-01
-7.425416729512820391e-01
-6.665793512429124545e-01
7.775861157402776946e-01
4.449325016089752394e-01
-8.780200181060442421e-01
3.189766789925405077e-01
-4.021244749332968382e-01
-3.620032857914155522e-01
-1.000000000000000000e+00
-4.645220206197807622e-01
-8.390227818924409497e-01
-8.156549408971180970e-01
-3.860631306854069300e-01
-2.152793839191654013e-01
-9.179257383026100392e-01
6.664838728016146963e-01
2.052726685813474616e-02
1.383148775190967683e-02
1.942477264109116752e-01
-2.014750539297893162e-01
-3.239479152420728925e-01
-5.814180443163279310e-01
-6.378393947231908445e-01
-4.857490012257286160e-01
-2.787100996063131553e-01
-1.874149806218955439e-01
6.161887873818788774e-01
1.000000000000000000e+00
7.801428790327988860e-01
-7.478547458130264669e-01
