1.204633773585666590e-01
-1.928202024630805700e-01
-4.715162738189012659e-01
-7.314333326562281190e-01
-6.881043713170247322e-01
6.631990055266383521e-01
-6.302861606300285136e-01
4.743959813049972163e-01
8.716561024695685944e-01
8.006746497275630814e-01
-2.747647934416810878e-01
-4.380225431172777295e-01
-3.558172458925821235e-01
-2.735448748848048894e-01
-8.233233090329038495e-01
1.000000000000000000e+00
-6.122365863698134847e-01
2.081459756998510491e-01
5.711792338457419849e-01
5.074298966590309878e-02
-2.730402379476206537e-02
-5.315182768112227674e-01
-5.957913171856465961e-01
-8.638214876412175780e-01
-7.596588830264549008e-01
1.435870659663789628e-01
-7.643718020020568993e-01
6.356398096156750110e-01
-3.822171599362714223e-02
-8.001035304908947765e-01
6.821957499995071617e-01
5.368397313351050970e-01
4.460101164749585845e-02
-6.040188764327991677e-01
-1.000000000000000000e+00
-6.356528600799441486e-01
-6.039657886119289554e-01
-4.427516119892169200e-01
-5.849820674103017870e-01
-3.542050539952363852e-01
4.596657804604099562e-01
-8.953196229896682734e-01
-4.208554970296750630e-01
-8.263565641997557831e-01
-2.861995968289252068e-01
2.385222368721123809e-01
-1.515279547967129381e-01
4.086649145132706940e-01
-6.469370771055801272e-01
1.000000000000000000e+00
-6.858513891359945269e-01
-1.886023580803833366e-01
3.345125518781685292e-01
5.214598729453254755e-01
-4.354203005821928874e-01
1.000000000000000000e+00
-5.375297853537099879e-01
7.442760271707438147e-02
1.288315782194522086e-01
-2.890772204014026570e-01
-3.429626192711174859e-01
7.632146220730813280e-01
-6.113214500217889480e-02
2.965586811216672225e-02
7.333627071832055089e-01
-5.426350303941621656e-01
6.778363534260811729e-02
2.656332526650014292e-01
6.279911719928580327e-01
1.000000000000000000e+00
6.456841931378417554e-01
1.000000000000000000e+00
1.000000000000000000e+00
1.827478141313248483e-01
2.414012251834180556e-01
2.414102958505807417e-01
-3.580670278978979881e-02
-3.685936236863751603e-02
9.970027768306608529e-01
8.049513627447257846e-01
-4.509708698822844086e-01
-4.722796512318226392e-01
-7.871519287823283695e-02
2.161397138249784577e-01
6.482245125977857958e-01
-1.000000000000000000e+00
5.823590822065054518e-01
-2.788241335017677125e-02
-1.125856624082194474e-01
3.284553751754132334e-01
3.397129438673742174e-01
6.386564295510923639e-01
2.637660162995700830e-01
-5.575470169680690757e-01
4.023100402247508645e-01
-8.405855516770467384e-01
-6.711981619904880958e-01
-6.635403696843873433e-01
9.190811163601541045e-01
-6.292585432268225087e-01
5.108066700031391738e-01
-2.706324462973058731e-02
-7.151072618517915203e-01
-9.412724571681356789e-01
-4.755545187872290969e-01
4.040360896268754276e-01
-2.596853559602946282e-01
-2.867950181959818545e-01
3.956968597532711795e-02
1.000000000000000000e+00
3.186095086007619814e-01
-6.689911724143102756e-01
-3.827491108498782824e-01
-5.833641465748927724e-01
5.361359834543817371e-01
8.743024873412197362e-01
-6.246854885644589211e-02
4.620054378177274601e-01
2.836196886846361620e-01
7.106236011403709307e-01
-7.257142326270515920e-01
9.193749800759464241e-01
-4.999530571943643920e-01
-8.279160605046653743e-01
-3.643142338432195371e-01
-2.898072438011737306e-01
-7.358958018240137067e-01
1.000000000000000000e+00
7.427268858929994000e-01
-4.512776195714124361e-01
6.163565626288090016e-01
3.050264961194580904e-01
-4.696264836076982641e-01
-8.744352381929663132e-01
1.788491157460536107e-01
1.196321038345820598e-01
6.341491808569518218e-01
-8.812697302729801674e-01
6.619327174289071358e-01
-6.479788281241941617e-01
-1.000000000000000000e+00
-2.013233434063211869e-01
1.269771127182624249e-01
-5.917717685898049584e-01
-5.399318890661666259e-01
9.682190678057343014e-01
8.047524016429079552e-01
-8.468524368609535724e-01
9.697568389448329995e-01
-4.292129266560985590e-01
7.002276629442297784e-01
-9.623980179104909549e-01
-4.582869376061753930e-01
-1.000000000000000000e+00
-1.540513740614243288e-01
1.365684705147725830e-01
-2.776650423686712332e-01
6.959763440613269125e-01
4.808042628538741203e-01
-5.886083943533848561e-01
-1.207634550433133169e-01
-8.661884176445461270e-02
-6.888774334034845070e-01
-1.000000000000000000e+00
2.752353730897887374e-01
-6.207828869626652590e-01
4.601958899260075175e-02
4.376145468770066271e-01
-7.788885805434120346e-01
2.058087416462496266e-01
6.628668137527261583e-01
4.247146588966347336e-01
7.149349445814437987e-01
9.110589164224625058e-01
8.761280939164662884e-01
1.000000000000000000e+00
6.183150741406043815e-01
5.308460740218206020e-01
-1.229790956689176540e-01
1.178977581019088061e-01
-9.409951912491087977e-01
-1.816982521530344230e-02
1.000000000000000000e+00
1.000000000000000000e+00
8.520033672343191311e-03
1.488790152144551515e-01
-6.352227269732890758e-02
8.712648702437031378e-02
3.880076943972519121e-01
2.718863170515204430e-01
-7.530128145826674446e-01
2.056121389960667845e-01
-1.871152595656624951e-01
-4.483295485604990027e-01
1.000000000000000000e+00
-9.990657861305267673e-01
7.403598501419497158e-01
-1.074631398280192773e-01
9.810133690629396774e-01
2.319503949285564026e-01
5.802587492958417581e-01
4.907617866776431970e-01
-8.708676218992261742e-01
1.994490686590176531e-01
6.251243311598088381e-02
-5.839111107947949630e-01
4.470703802928830406e-01
1.597276900917812548e-01
1.000000000000000000e+00
3.372236551122482773e-01
-8.770056573672739830e-01
-3.443218845877075995e-02
-4.965753916539669133e-01
6.592115276054193451e-01
8.639734617109389170e-01
9.092435547551159791e-01
1.000000000000000000e+00
1.490210065577913245e-01
-8.299974708233603948e-01
1.121468365477708146e-01
7.730540989033207744e-01
-4.607620376259408124e-02
4.901763960697031602e-02
-5.493757908979244320e-01
-1.387474011169445021e-01
-4.308938992044810123e-01
-1.000000000000000000e+00
-8.864340926852645741e-02
-4.088794695926437073e-02
-1.000000000000000000e+00
-1.000000000000000000e+00
-1.000000000000000000e+00
-2.153244127607485403e-01
-4.096858369579903236e-01
-4.602407263571798302e-01
-1.195443401699616826e-01
-6.872606758656815695e-02
5.678960162987082283e-01
7.404960943405086704e-01
-4.584644558519298529e-01
-1.000000000000000000e+00
5.965125255671923643e-01
2.973978579573983150e-01
-4.352073423776928740e-01
8.175532187692395869e-01
-9.281058456138263635e-02
-9.711630462367404348e-01
-4.492714145072572163e-01
7.752206678502954196e-01
-9.113712064879583297e-01
-8.146471686661311828e-01
9.104175456381236042e-01
-1.276987391280831052e-01
-7.085664658851673070e-02
8.687814220053415859e-01
3.819307020970331701e-01
3.668964230276701155e-01
4.149584831398900886e-01
-3.578889389375389252e-02
-6.390885362384749468e-01
2.764058555933210370e-01
8.067890281606671099e-01
-1.301909921663348679e-01
6.167963804512296422e-01
1.000000000000000000e+00
