-4.400636418646010073e-01
6.686753179276901937e-01
-5.594074660398720145e-01
-1.000000000000000000e+00
-4.004885294199149182e-01
5.830773306670947731e-01
3.404112056644936213e-01
-6.325569484733639669e-01
4.743273623235155778e-02
6.884976835494778236e-01
-4.753633950390767637e-01
-1.000000000000000000e+00
4.091255033683005027e-01
-3.025711596158207062e-01
-8.254637913818980710e-01
-3.290783209951579913e-01
-3.189386000826480716e-01
6.585487744453698555e-01
1.000000000000000000e+00
-7.130153816871006578e-01
-3.293886441791070707e-01
-3.694659906895836343e-01
-9.087702054551205499e-01
6.458804310419057337e-01
-2.431952554253791199e-02
-5.907135800841490925e-01
-9.236484003772276186e-01
-1.000000000000000000e+00
-7.631144701226233451e-01
1.000000000000000000e+00
3.258697819192764578e-01
-1.285933718861452246e-01
-1.000000000000000000e+00
2.189805515113641965e-01
5.669661212925870553e-01
-7.701249479574822851e-03
-1.000000000000000000e+00
-9.452793039978568679e-01
-4.451254302752476466e-01
-7.898119405002962390e-01
-5.506573345473981806e-01
-1.000000000000000000e+00
-1.821427363997033810e-01
-1.000000000000000000e+00
-5.697280983828152401e-01
-9.729241542406095178e-01
3.286062992225268209e-01
-7.999287858617412095e-01
6.440793859342588412e-01
-9.050131114864116144e-01
-9.671813443992747228e-01
2.130578864569035169e-01
8.421726372565151442e-01
-5.682417249657658598e-01
-7.526431693485924335e-02
5.647324542714577955e-01
-7.323272568957827078e-01
-1.000000000000000000e+00
-6.607692464220356054e-01
3.150050799908188925e-01
2.263723574498161528e-01
-1.000000000000000000e+00
3.685210756261417808e-01
5.375243850288961012e-01
-9.503838156056231279e-01
-1.000000000000000000e+00
-9.102794081643339474e-01
2.317995051247863647e-01
-7.360444220813482791e-03
6.573478207538591134e-01
-3.386397539748984276e-01
3.268777230459444239e-01
4.445578035855039523e-01
3.362214733476988071e-01
4.851981709317032543e-02
6.327310094147504671e-01
-2.211349268482585562e-01
-9.407037073138431182e-01
-8.325176026271483565e-01
-1.000000000000000000e+00
9.648361796996137718e-01
-8.688688077379946861e-02
-4.911222382565096911e-01
5.261164840698121514e-01
9.305282801005390070e-01
3.278194650603801774e-01
-1.782833851876310383e-01
8.949619922535155814e-01
-6.885151005209488861e-01
-1.000000000000000000e+00
-9.116078037648543964e-01
-8.977904569435801729e-01
-3.987167872817622416e-01
8.108788423671270396e-01
4.128404881746021160e-01
-2.487170663111599178e-01
8.267552478594497600e-02
-2.605057629205801417e-01
-7.767590584911441276e-01
6.533780963434105971e-01
-3.437789651900796661e-01
1.232509184698053761e-01
7.408922993594508899e-01
8.496361496176129124e-01
-2.504029655930410381e-01
1.000000000000000000e+00
1.269567513937787107e-01
8.725544427440888873e-01
6.122069106104606195e-01
-1.401448994321316810e-01
4.259734862802841415e-01
-3.995415047838711264e-01
5.183357562660171336e-01
7.777167637671610345e-01
1.000000000000000000e+00
6.631306853325426021e-01
4.198656274128222815e-02
-1.628528320459377010e-02
-8.924968410757577741e-02
-5.523338900084732161e-01
-9.800930781626173705e-01
-8.387405506753098372e-03
5.443573578438780647e-01
5.029083126805546922e-01
-6.324363627871647520e-01
7.529059396190765918e-01
6.997239478341128471e-01
6.339908709090338323e-01
4.164019620828770529e-01
3.114259476293443907e-01
-1.000000000000000000e+00
-3.950348800529049353e-02
-6.231642047855716626e-01
7.791778904633068770e-01
-4.191882280677555750e-01
2.335872102708281273e-01
1.000000000000000000e+00
5.517980169822750414e-02
-2.719075640691968054e-01
7.739009086084336353e-02
-3.408173257224083041e-01
-4.763566563168954437e-01
-4.216665314130245701e-01
-6.554524119480708011e-01
2.572915999120581332e-01
-6.588009807926133998e-01
-1.000000000000000000e+00
-1.000000000000000000e+00
2.928311942242814991e-01
-7.221505725984366242e-01
2.665579393625473470e-01
5.119656210022649478e-02
1.000000000000000000e+00
2.060233570636237077e-01
1.000000000000000000e+00
2.453100326835214451e-01
-6.408634599243592245e-01
4.326603210553647272e-01
-7.862099774678132924e-02
-4.557978155220483996e-01
1.894779697241912308e-01
-1.100164678626647241e-01
2.526995574017415480e-02
-2.332332396040244227e-01
2.554831593122567357e-01
8.673385671955806675e-01
9.341927776695174712e-01
-6.324341489587594900e-01
-4.966953084067785018e-01
7.957413223788872836e-01
8.950231720506639510e-01
-4.289034931642841109e-01
9.021158020784473264e-01
-1.000000000000000000e+00
-3.300942716914223030e-01
1.000000000000000000e+00
1.000000000000000000e+00
-5.201404594528964698e-02
-7.708374897158673522e-02
-7.423419069199839182e-01
7.308737822506292670e-01
2.240449819498417927e-01
-7.588745852256920665e-01
-3.016446973912456642e-03
8.171791969075861140e-01
3.736523550737931298e-01
-8.202612475831994043e-01
-3.214211616586957199e-01
1.000000000000000000e+00
-1.818244625192003416e-01
6.656126476759421928e-01
-8.001105234194926252e-01
-7.398384631164433012e-01
-9.942654464146039039e-01
-7.617528033623310879e-02
-2.931264978344934047e-01
-4.432193275175963509e-01
3.908298098727365222e-01
8.369391500737205503e-01
-1.000000000000000000e+00
9.964028715902489841e-02
-1.530547137668163415e-01
7.837276921761091031e-02
-1.362907523878155447e-01
-1.505710516708134994e-01
-8.687626045961610588e-01
6.524957822415571318e-01
-5.853052846789362773e-01
7.835712955294942272e-01
2.137331856058799495e-03
-8.157607994857062339e-01
-9.038016863962045067e-01
3.452817688406125685e-01
1.809964241328899659e-01
-4.127141423539735232e-01
-5.367104930951940300e-01
9.090034045939883178e-01
-2.085013667246158331e-01
5.052124809724446441e-01
-1.000000000000000000e+00
8.750787023557610178e-01
3.480018324380412809e-02
-1.000000000000000000e+00
-4.702345257623394281e-01
7.812220422361042527e-01
-7.489378370082551140e-01
-2.337409756151515305e-01
1.000000000000000000e+00
5.812047037314418407e-01
9.214080503645649678e-01
-2.463548114797921573e-01
7.145366235371145569e-01
-6.538259469946894331e-01
4.558235802541321102e-01
2.446515072029969984e-01
-4.155591696077423625e-02
6.900026129237122330e-01
4.166039581922069690e-01
-9.762327533049530714e-02
-1.238319150738020347e-01
4.110302829894102450e-01
-4.305176446535862733e-01
-9.065023606324688066e-01
7.495482035468203907e-02
1.000000000000000000e+00
7.547034316471021853e-01
-5.992904236276115348e-01
-3.829730816171761365e-02
3.062025330360170217e-01
-3.096344881073134769e-01
-2.721900828247053594e-01
-4.812983136288322972e-01
-4.613877266651416065e-01
-5.256583267811160143e-01
-5.114952226257813983e-01
4.444163290703733726e-01
7.916468683132481532e-01
-1.132698001582865821e-02
6.652108582768494482e-01
-6.227284476625243315e-01
8.282144634818291440e-01
-3.603987416741301353e-02
4.994466126036159470e-01
-3.860821327443925144e-02
9.883026759034561071e-01
