4.641488690032785636e-02
-5.717576192999642704e-01
1.000000000000000000e+00
-8.985824919663490395e-02
-3.889472012961365244e-01
-1.000000000000000000e+00
1.460708948501995008e-01
-4.342468970168467668e-01
-8.715641913843344968e-01
-1.210175432482750030e-01
2.196793747016287379e-02
-6.054872446967100030e-01
-7.043647732748112289e-02
-8.592519594475067635e-01
-8.200833467464319071e-01
1.000000000000000000e+00
2.827926096009177326e-01
-7.765622438552310935e-01
1.000000000000000000e+00
1.860742419340168374e-01
-6.775950171215917583e-01
-1.609216341387565419e-01
6.566668832882873730e-01
4.719936277085124976e-01
-5.341391675931993488e-01
7.813080710861900480e-01
4.673279801373995679e-01
7.699501576873346576e-01
-8.295167791486016129e-02
8.791294953153048208e-01
-2.742582194436222753e-01
-7.924212721731154208e-01
-6.631391139335276463e-01
6.024729044152108415e-01
-8.419864552074600716e-01
-2.436332463113559388e-01
8.520898113818617947e-01
-9.880929497249453242e-01
-7.343110810428553625e-01
4.640567730261583312e-01
4.470321288020027151e-01
-8.189301079376039294e-02
4.486616380051400843e-01
-1.000000000000000000e+00
-3.747880014742224208e-01
-7.264223778682039612e-01
3.799114569142109099e-01
-1.529470897104553972e-02
-6.856123838225146594e-01
-9.852884229268488170e-01
-9.528755853225853167e-01
4.658884845973222388e-01
3.618917200873776330e-01
8.809384050751631889e-01
9.680538953396159441e-01
-1.919110196803097690e-02
-2.289162165376371627e-01
4.465596303929976474e-02
1.894902287674603558e-01
4.872014299034018725e-01
-1.000000000000000000e+00
-1.000000000000000000e+00
-1.000000000000000000e+00
1.000000000000000000e+00
1.000000000000000000e+00
9.656768579864151159e-01
-6.840453925259922796e-01
-7.720557281156866791e-01
-1.403682389619639315e-01
-6.944020661766647784e-02
-1.147334305828705409e-01
-4.801994028730842135e-01
4.566215926178449624e-01
-1.602817359638358530e-01
3.737213207793869674e-01
3.421450233672718722e-01
9.423385019526644424e-01
-3.568679118791137084e-01
-6.765361884514318191e-01
-3.406429517427117526e-02
4.367591228310901408e-01
-1.385540577464443590e-01
-7.139173712384182524e-01
-5.046033423986402422e-01
-6.831579624230366132e-01
6.514843687063688327e-01
8.549521678312674844e-01
7.804367292745026941e-01
2.377144283146518378e-01
-7.292293910466250972e-01
-9.796611137777001543e-01
2.219496055028891135e-01
9.525254642792856385e-01
1.000000000000000000e+00
1.000000000000000000e+00
-1.000000000000000000e+00
-1.984343782004398260e-01
-5.825464178473214183e-01
4.950681244498653655e-01
-1.000000000000000000e+00
-6.761457775797772296e-01
8.328569990240051180e-01
-9.130979318442338233e-01
3.029064016513060009e-01
-5.733289143168374125e-01
1.332551873265610254e-01
-3.053253862579166089e-01
8.353157273065302257e-02
8.502992575314924917e-01
1.000000000000000000e+00
2.885231529617519053e-01
1.704703683263371627e-01
-4.759060088074550110e-02
3.487598165055534327e-01
9.093637909976003408e-01
9.452406505241247592e-01
1.004555544682124713e-01
5.782882598749464753e-01
8.965753418288769927e-01
-1.000000000000000000e+00
-7.242473469185325974e-02
-6.339962052070288179e-01
-7.830513004963031154e-01
-8.169652260457641590e-01
-1.335365711184577364e-01
6.901321290680587639e-01
1.512770825194636459e-01
3.344653699444927741e-01
4.813798597880299956e-01
8.005026429463633075e-01
2.526034369026436410e-02
9.623963550638456876e-01
6.464717274546227799e-01
3.501763255007771525e-01
-6.440440062032749546e-01
-1.000000000000000000e+00
-4.240878140067330659e-02
-5.878834702058392814e-02
-4.146605466588429434e-01
-1.079727746569242169e-01
-3.025985446399658274e-01
-6.697893655017705949e-02
1.153983803101398531e-01
-1.000000000000000000e+00
4.160807749962812663e-01
6.965588556041564239e-01
4.165420995537252868e-02
6.402994717150616300e-01
-6.015917193580107014e-01
-6.679244320762007803e-01
-8.983990146136394683e-02
-1.349446917349653718e-01
7.739947795255419649e-01
-6.313010876747264799e-01
-7.603700600455127745e-01
-4.792278055004550730e-01
-2.080529064294957542e-01
6.118435093633520783e-01
-5.434348914422433285e-01
7.109922899372944638e-01
-5.158388319759514840e-01
1.530057047099644685e-01
4.026899485186842265e-01
7.857495337832183235e-01
-3.064034605521572807e-01
-8.517804205586627653e-01
-1.725134853284031600e-01
-2.077565899626908075e-01
-8.568328329524749210e-01
5.660884195860215184e-01
5.100775111536322015e-01
-8.881524735537249526e-01
-8.435230318625349666e-01
1.000000000000000000e+00
9.082487353298791533e-01
1.642089336196270177e-02
4.565484459782236382e-01
2.768558052630228916e-01
8.329653783843056214e-01
3.465249874124779472e-01
-1.817613875079583940e-01
8.587698080354305707e-01
9.335741877425355328e-01
-3.775090635142657192e-01
7.512233390491601659e-01
9.761497047289956486e-01
7.387194228943732011e-01
-8.448585952104206154e-01
-4.742848190307147882e-01
-3.736020136493053423e-01
-5.255786328686012920e-02
-9.763283977080566833e-02
-6.945300240057153407e-02
-1.265840357526445414e-01
1.011085607348288229e-01
-1.000000000000000000e+00
1.000000000000000000e+00
-9.847472671642515385e-01
-5.521854704043784867e-01
-4.158110615865522330e-01
-1.661468130528943599e-01
2.456482979563562319e-02
9.609013153134771112e-01
-9.534513870209065933e-01
-1.000000000000000000e+00
7.184444443017489190e-01
9.958717707912314587e-01
8.208552019513368769e-01
-3.089484345960881728e-01
-4.493327876926550557e-01
3.064173890334133121e-01
-1.746671131212130246e-01
-4.594475747060653426e-01
8.793604019091227908e-01
-1.596844313899615231e-01
1.778066570555267845e-01
-9.184844613826018689e-01
-1.000000000000000000e+00
-3.451389205208923450e-01
3.119306179124491929e-01
-1.297174009207254231e-01
1.784721834383627415e-01
-7.731372322102882944e-01
-5.641360676441508071e-01
-7.336789752968463363e-01
-7.784702848926851326e-02
-8.312052541572280129e-01
-3.824049921886990555e-02
-5.367363277147030320e-01
2.780430497288112202e-01
-8.877845240332822296e-01
4.391881072697476074e-01
2.597469068188978936e-02
9.852567559055225299e-02
-9.298057418928631357e-01
1.000000000000000000e+00
8.753237561011280032e-01
-9.449103256638807791e-02
7.023777543696464454e-01
5.378433961042597411e-02
-8.275145652009365804e-01
1.000000000000000000e+00
-1.000000000000000000e+00
-1.012707424016212610e-02
7.245037644580916147e-01
4.234855007763168588e-01
-3.195950264146418807e-01
-1.132458775035476151e-01
6.755791290502791702e-01
7.017494680264626528e-01
-3.941848663908925632e-01
-9.210134728937380277e-02
8.514701218888771628e-01
-1.231972507379607840e-01
-6.479732770385886464e-01
3.978085765440551591e-01
-1.000000000000000000e+00
7.965840894946781825e-01
-4.005253080152454404e-02
1.000000000000000000e+00
-9.640808391911852571e-01
2.503477890099358172e-01
1.425578078247332348e-01
8.610061877109377315e-01
-6.893296427734613152e-01
