-7.177892008241739674e-01
7.865506121887000379e-01
5.057224536938911275e-01
5.369878375671151005e-01
3.590473150639191813e-01
-1.000000000000000000e+00
4.002048857162022744e-01
3.137726469114606731e-01
-9.200491361359928177e-01
-5.439424998371564790e-01
-7.411214627061126770e-01
-3.068753110070457923e-01
-9.526398333510560645e-02
-5.201893801700471776e-02
9.032696525951710020e-01
-9.732644960600939088e-01
6.330984475993572946e-01
3.061224864103820886e-01
-1.000000000000000000e+00
3.449489391459764631e-01
8.548179904986796807e-01
1.000000000000000000e+00
-4.095041582243724720e-01
-9.365950311530146788e-01
7.149518377631168820e-01
9.048173806939446839e-01
1.000000000000000000e+00
-4.485547484266994012e-01
3.306697377967667828e-01
-1.856306422664458222e-02
2.108499086017345259e-01
2.905812130759993228e-01
-3.477362315644303425e-01
-6.207974650783634196e-01
-4.930888367874337597e-01
-2.717706041764359481e-01
-2.398433743548867292e-01
7.664597189530026888e-01
3.574538832155148560e-01
-1.257843482268256041e-01
8.828644456956068476e-01
7.358848083742561275e-02
-3.735134735726810540e-01
-5.682693457334457854e-01
-2.627618982393764568e-01
8.440354005541546023e-01
8.899066860859171368e-02
-2.547605806075805002e-01
-4.003418080581953586e-01
-4.584161528736782065e-01
-2.458671369184717015e-01
-6.867550233145230942e-01
5.188800613330202260e-01
-5.196565022644573650e-01
1.000000000000000000e+00
1.000000000000000000e+00
4.046113420161790986e-01
-1.930168998434610150e-01
5.554031234154608310e-01
1.000000000000000000e+00
7.393525659752253620e-01
-2.857194027740611597e-01
-7.363360873201524326e-02
8.341334044743584641e-01
-6.949115105712613261e-01
-6.068062460421719262e-01
1.184121598617339233e-01
-7.784536895460200112e-01
7.730350211524013027e-01
-6.957538761640709168e-01
4.827393041900830406e-01
-2.408004498902328872e-01
3.861292307870506368e-01
1.123581572704070164e-01
-6.171871775323108933e-01
6.877682386047200280e-01
-1.570295503568936712e-01
-1.000000000000000000e+00
-7.522199858758094049e-01
4.424872430328056772e-01
3.478515480453989728e-01
-4.067461303776591652e-01
-5.855042981120277545e-01
-5.837290077541616995e-01
-6.960605715101630953e-01
-3.219217906021465403e-02
7.710020282223063459e-01
-4.384093680999515130e-01
-8.250335064098872628e-01
4.542322539396923542e-01
1.000000000000000000e+00
-4.584926487847731380e-01
-2.723763055462039007e-02
-8.397438951987619138e-01
1.748943322026906833e-01
-3.214949956798104358e-01
-1.000000000000000000e+00
1.024108080504357171e-01
-1.589822084472330976e-01
4.270063581762678639e-01
7.469863386747693790e-01
-1.000000000000000000e+00
-7.079068033641006119e-01
4.759742227753549493e-01
-3.749953422690216476e-02
-6.231948681954743718e-02
-9.579208003196224563e-01
-9.121536570312425152e-01
1.000000000000000000e+00
-9.043167870270434339e-01
1.247228435413719055e-01
2.628676328996358835e-01
-1.277244136196916124e-01
8.364469142521027134e-01
-3.055777532767546267e-01
6.438609634507952428e-01
5.501644582051263832e-01
7.299554704545934136e-01
1.000000000000000000e+00
4.272021928726080220e-02
-6.348375547319781154e-01
5.138717314841849682e-01
-2.689816567269689429e-01
5.364116154580487184e-01
5.523245252618622647e-01
5.752098882487950426e-01
1.000000000000000000e+00
-1.000000000000000000e+00
1.000000000000000000e+00
-4.966326325821652787e-01
-8.450041884284946736e-01
8.172961779413389083e-01
-7.136743838357823000e-01
-6.386656672794494005e-01
-5.755793397299333591e-01
3.265871094773262207e-01
1.256073353093072609e-01
-5.336943213834277611e-01
-2.749619555764771794e-01
-8.821392902796520996e-01
-2.907572299648145120e-01
-5.146084303467919341e-01
2.267499441523687098e-01
5.765403190981650550e-01
-1.000000000000000000e+00
-6.752218789959198164e-02
-1.632867195748192723e-01
1.000000000000000000e+00
4.351501832694663063e-01
-5.044801303433559259e-01
8.312034790943151341e-01
3.561878994278254440e-02
6.769525744136666301e-01
-4.958979783737401670e-01
8.359431172988627257e-01
-9.377819261796457306e-01
-1.000000000000000000e+00
-8.663385420613383125e-01
4.210318327049589193e-02
-4.061383342945361630e-01
-1.803863143340267983e-01
-2.077901163689590547e-01
-1.089683076565563929e-02
-6.745724131142342150e-01
-1.000000000000000000e+00
-9.178923186277054835e-01
-1.621097929281366257e-01
-1.000000000000000000e+00
1.076744289010971162e-01
-7.217997829118052433e-01
-5.848271350315519257e-01
-2.983422958595805530e-01
1.000000000000000000e+00
-1.333889551431175768e-01
2.205235331784198838e-01
3.357919675088081313e-01
8.772277597539726024e-01
7.110632087145413172e-01
-1.542497779504244659e-01
-1.000000000000000000e+00
2.273977512266450035e-02
7.806127858919287288e-01
-2.025227461691914144e-02
4.663184282411533821e-01
5.889457612077098059e-01
-1.639556460746616484e-01
-2.522708876556234991e-01
-9.419074277387472494e-01
-4.209947000976166365e-02
-1.000000000000000000e+00
-7.484414296381799447e-01
4.192630424176204684e-01
-5.647352739579654113e-01
-2.032190343601628091e-02
1.000000000000000000e+00
-4.667961190156132978e-01
5.504090595468660307e-01
1.000000000000000000e+00
-5.874967360802685334e-01
-3.987983619213849584e-01
5.493521276792879826e-01
3.621706083383858243e-01
3.364124535332785326e-01
1.000000000000000000e+00
1.000000000000000000e+00
-2.186523938048771099e-01
-3.446113278288586712e-01
1.000000000000000000e+00
3.809244321087327800e-01
4.659910155564622181e-01
-2.719029313099802225e-01
-6.096598939448463206e-01
-9.901055445250246667e-02
6.950434779190254320e-01
9.713902381375828510e-01
-1.000000000000000000e+00
1.744077038101367327e-02
2.188310304100919423e-01
6.206086026642581022e-01
-5.044909465860499820e-01
4.581954896212185879e-01
-6.495531327036878633e-01
1.000000000000000000e+00
-7.215609548194359402e-01
-6.908581395845665440e-01
-6.718132625964645666e-01
-3.501822702240215551e-02
-4.923953178197820746e-02
1.064131196269494928e-01
1.000000000000000000e+00
-7.808704520801368343e-01
-4.965536711546543192e-01
9.550257485077747743e-01
1.626552753023866038e-01
9.799050442804432270e-01
-1.111851077610277738e-01
-1.000000000000000000e+00
1.011261110130640545e-01
9.480837332855853727e-01
6.821029045842927907e-01
-1.000000000000000000e+00
2.201177356869439827e-01
3.201098051409450029e-01
5.066914135099462868e-01
-7.121286808972056015e-01
3.839037717211054024e-01
-8.678068182240601391e-01
-7.758128228946553628e-01
1.000000000000000000e+00
-1.620906907119540608e-01
-5.161085071573159877e-02
9.594561656309480435e-02
8.388582877001869997e-01
-3.792141327692580832e-01
-1.000000000000000000e+00
-1.778185860616317004e-01
6.771542155239996807e-01
5.164292032431778701e-01
7.504186401543949669e-01
-8.026165912320344376e-01
-7.347257900639670991e-01
-9.394259682269406886e-02
8.676928874153589932e-01
-2.298146190941920131e-01
1.506400790334569140e-01
