-2.870228992249437838e-01
1.000000000000000000e+00
-2.020479950391295410e-01
8.146621721708401376e-01
-9.567745592977429103e-01
1.424731434878774849e-01
9.732871527118877042e-01
-1.327962144959496937e-01
7.060861786519552208e-01
7.560629022757028306e-01
7.767033157593788983e-01
5.410201136427944535e-01
-1.175712749801009482e-01
-4.049855868005666770e-01
-6.876273752320021249e-01
9.896121153650578872e-01
1.000000000000000000e+00
7.173173533076184771e-01
9.730719530482847546e-01
-7.620042098394226304e-01
-6.901945745524373788e-01
-2.110903694081375237e-01
-3.781643715225911362e-01
2.810192079225727890e-01
-2.001472034420219426e-01
5.539565144096338933e-01
-1.864704295005931711e-01
-8.270681217551698050e-02
5.242379679804602954e-01
3.441110570792863532e-01
-8.345053942492903776e-01
-5.167319392201478179e-01
-3.898450858945064490e-01
-2.578521072576805406e-01
2.450700347384037192e-01
7.291422431551402017e-01
1.000000000000000000e+00
-1.000000000000000000e+00
-6.029546193571640178e-02
-7.372042237426489342e-01
-5.859014608728749796e-01
3.072663338650117315e-01
-4.030201722810555776e-01
3.861113399240961308e-01
4.005362456301687635e-01
-1.000000000000000000e+00
3.933430258940519009e-01
-8.663637393413547994e-01
5.482084874692262355e-01
4.840405741604564271e-01
-1.000000000000000000e+00
-8.257685866787618512e-01
8.372378069913279930e-01
-7.359157139471873554e-01
-3.406716686657720872e-01
9.001493656353305450e-01
-4.672291191909871966e-03
-1.708983788392443581e-01
2.828311675339499620e-02
-4.539384533633540331e-01
1.000000000000000000e+00
5.353144719750837499e-01
5.995457356124568316e-01
-5.443184268422390781e-02
3.995621334403746117e-01
-5.398355045730669488e-01
-7.008037537429909758e-01
1.894126296529985987e-01
7.016588242953956112e-01
3.321111892099919971e-01
2.663206075192739997e-01
1.000000000000000000e+00
9.353807712442429034e-01
-2.334765610663117053e-01
9.528043309788640780e-01
4.315526028611317289e-01
-3.317119232252607741e-01
-7.745747478062543490e-01
-1.080482790186686332e-01
8.903063822681573924e-01
-9.705097840226626360e-01
-1.123063836451641540e-01
-5.672614313736906722e-01
1.000000000000000000e+00
-1.000000000000000000e+00
-1.000000000000000000e+00
5.776059465001827098e-01
-3.302619121334887664e-01
-4.171879136591427617e-01
-3.019635788958721090e-01
9.514345111670275967e-01
4.950474275545226899e-01
-1.961836595980584741e-01
-2.093638989249466120e-02
-4.742810352780995053e-01
-1.548654629393956261e-01
-4.064025990736804816e-01
7.075121400864885224e-02
1.000000000000000000e+00
-8.460624937403493639e-01
-2.117931796419850465e-01
2.627116347193697021e-01
-5.647573658048776757e-01
1.675847638557631247e-01
-8.593984390311588673e-01
-6.579485874721956451e-01
-4.523354347893841498e-01
-8.015571853921470424e-01
5.236395531845338125e-01
1.000000000000000000e+00
3.877705582190522082e-01
-1.814217203038490447e-02
1.000000000000000000e+00
4.997593564139130584e-01
-9.264601826521122740e-01
5.435145822759248624e-01
8.670252189026511624e-01
-9.492510560973446698e-02
-4.725837832501414981e-01
2.188600361040192177e-01
-7.879494129324255969e-01
-5.947322142102390297e-01
4.618634094961581171e-01
9.215113180537963800e-01
7.587970245726521901e-01
1.537009388784149888e-01
1.281039963454004560e-01
7.178009443964644687e-01
1.368486321067367562e-01
4.229726294924990304e-02
-1.000000000000000000e+00
8.113464372504352040e-01
-4.960698801194642904e-01
-1.132342536134461064e-01
-6.285007358495608987e-01
4.808460660892348582e-01
4.863824439531257426e-01
2.749432341634474586e-01
7.835300382712158118e-01
1.905696215050896869e-01
7.284532584261402821e-01
-1.761159517315815937e-01
-4.116099637492247609e-01
4.256352267561752667e-02
-7.374928419286057579e-01
1.000000000000000000e+00
-5.036588119715644796e-01
-6.820921170922658039e-01
-7.934809167651472039e-01
7.758294818011944871e-01
-1.008251387849621455e-01
8.893022646126242936e-01
4.287292759813012832e-01
-2.595561562627937136e-01
1.083799336984638539e-01
-9.455985039514565038e-01
-1.817689713209141023e-01
7.487153184049386567e-01
3.234953268219468714e-01
-4.387099108774653589e-01
3.441337237810903060e-01
6.487427003686229154e-01
4.800313185513804259e-01
-5.784217194532014217e-01
-7.081335531229526747e-01
3.045712784471252821e-01
-3.592766058130463236e-01
1.000000000000000000e+00
-3.365657739202625454e-01
2.394068416519529729e-01
-4.896452833583524455e-01
-3.630833059040175503e-01
-3.531691891554498142e-01
5.971828400904749534e-01
4.304342737671766894e-01
4.723392452874990988e-01
-1.272046789670691624e-01
3.664769408783744020e-01
-8.302257252923576081e-01
9.276445697781147970e-02
-6.066912650188247547e-01
5.405905811946749573e-01
-1.000000000000000000e+00
7.179911675403931604e-01
5.474372191534389032e-01
-6.645961781496008136e-01
-4.765794904147475641e-01
-1.860710437257461214e-01
3.279271932248544186e-01
-1.194235946003484594e-01
1.796866955382918629e-01
-2.167269727051009398e-01
-1.808056697651190259e-01
-7.649994936901359788e-01
-1.573574262842119542e-01
-5.609034066293570042e-01
-2.628211074576197737e-01
2.338471396338573927e-01
3.676981812302005936e-01
-3.485254787542538257e-02
6.125240987803869386e-01
-8.070366395027436246e-01
5.676820926865244754e-01
1.000000000000000000e+00
4.510995227501827243e-01
-2.414239409791882340e-01
-9.098539391998872183e-01
1.811197006642113749e-01
-4.273327931164411786e-01
-3.800792000503231960e-01
-8.057194190627400276e-01
-9.954210713459781257e-01
3.163562048463414156e-02
-9.984840134547876001e-02
-2.911935229521876445e-01
8.645848224285584971e-01
-1.000000000000000000e+00
-1.000000000000000000e+00
-1.000000000000000000e+00
4.219174429816611727e-01
-6.604054845862037393e-01
-7.585821662555090050e-01
7.440844109996139211e-02
-2.914629082148276207e-01
-3.332519406221581271e-01
-4.358506273407316001e-01
1.452944710996183220e-01
7.067066512306032777e-01
6.211301575395659080e-01
6.038766172361336171e-01
2.564918473475718552e-01
4.178197085522648013e-01
1.000000000000000000e+00
8.807646162916809018e-01
4.980714245515093785e-01
-3.437898905666602056e-01
2.766636275094552233e-01
3.396985469754210674e-01
-1.000000000000000000e+00
3.330202769366505389e-01
-8.769864487966188005e-01
-4.677539440696991679e-01
6.256095302910454903e-01
3.664724662982505876e-01
-1.358734291298481778e-01
-2.638432837844101320e-01
-9.087954838714247252e-01
1.341617892703528270e-02
7.985817169368473190e-01
-1.000000000000000000e+00
-5.595493610497426218e-01
9.867706101523822104e-01
-1.394150881046810342e-01
-8.335582813114493783e-01
-1.744610516975307613e-01
-5.086244004440871880e-01
-9.219785520417802527e-01
3.993046128116849447e-01
-2.242983434826043287e-01
-3.584145437610301577e-01
-1.973164620496132282e-01
9.084537274695448916e-01
4.990000527051952073e-01
6.257892921573710021e-01
6.862775025735172729e-01
