-8.594868094251492119e-01
5.165190335861225002e-01
7.789963874562386703e-01
3.342930027058126363e-01
6.089990234422448800e-01
-8.005518846414538814e-03
2.653934218955443791e-01
4.492868596770173140e-01
4.487845521123434711e-01
-3.643706777690445264e-01
-1.000000000000000000e+00
5.288350014922302833e-01
-2.219844078892058148e-01
8.478308987352425885e-03
-3.686521339510510642e-01
-4.503198213660646321e-01
-9.694266128822404127e-04
5.037732637683485226e-01
6.324858428502247443e-02
1.876963759041428564e-02
-5.940933460856127057e-01
-1.000000000000000000e+00
2.085769738229099612e-01
6.005802853825263909e-01
8.911907537929579792e-01
-2.901248091112054173e-01
-4.865682239684432364e-02
-2.633674202594805114e-01
-4.478253597697050004e-01
7.871795990470418225e-01
3.579363388591323414e-01
-1.000000000000000000e+00
8.883919132325210910e-01
-6.995337908134526828e-01
-7.002365609076419695e-01
7.702264565218008840e-01
7.792200166520557580e-01
-1.000000000000000000e+00
-4.547667591744803534e-02
6.893403027055293730e-01
-6.315881794690025863e-01
3.542757395513734808e-01
3.705242393153296843e-01
1.406014241637885132e-01
-5.467713595530750981e-01
-8.342509945368625779e-01
3.909146127694906880e-02
-2.967990724156625570e-01
2.185958705068422325e-01
5.043309668628568332e-01
4.980984829610565767e-02
-1.000000000000000000e+00
-1.000000000000000000e+00
-9.896602964263426783e-01
1.000000000000000000e+00
-2.349624906294885129e-01
3.445567699314650012e-02
-5.459681809593943669e-01
1.000000000000000000e+00
2.370406016498078361e-01
5.345234991008018799e-02
-9.596619387543537938e-01
-3.162403792972238725e-01
1.275759400507304742e-01
5.876405666363379021e-01
4.978600632056274788e-01
2.393961150887032874e-01
8.600989650409531784e-01
4.665456489153870789e-01
-6.170387581446016290e-01
-4.438517696858751416e-01
2.826189300476016353e-01
1.086733740861137443e-01
1.000000000000000000e+00
3.504275670983948987e-01
6.130818188728288654e-01
-7.204209378464222491e-01
-6.062016175653746064e-01
-7.827607697643360063e-02
-4.118884821781039207e-01
-8.592389531031722205e-01
8.241743953239746290e-01
-7.742135463859839417e-02
-8.649396303847669554e-01
-5.095412364381631809e-01
-1.823922123030620457e-01
1.000000000000000000e+00
-1.684021470648877639e-02
1.423121942882331070e-01
-9.317718463211904778e-02
6.161656148392735677e-01
1.000000000000000000e+00
-4.342111916070484634e-01
-1.000000000000000000e+00
-2.783763637375781252e-01
-5.344749396608081682e-01
9.093926411900296047e-01
-8.870449324404506841e-01
-7.059353469001081738e-01
5.164352814327906049e-01
-5.878513973223737921e-01
-9.051072856761460672e-01
-5.487037824837677213e-01
3.788718131550863899e-01
-2.869498637673089103e-01
1.275306593528755250e-01
1.000000000000000000e+00
-8.522910655136874958e-01
-8.577897525104359877e-01
1.000000000000000000e+00
-4.580365514936667742e-02
6.527262513548249823e-01
-9.846382718195474393e-01
-2.899264273043782869e-01
3.850186068753064239e-01
5.428484080096512843e-01
1.000000000000000000e+00
-3.684406311085473007e-01
-3.647568871011866443e-02
-6.132818530560970594e-01
-5.897142890028740370e-01
-9.958517321649928977e-02
8.418619247009724305e-01
2.467552903883814541e-01
-1.594038869081622345e-01
7.256154653800417353e-01
1.000000000000000000e+00
-8.565248325972306676e-01
-4.853970191386923205e-01
-8.911866584087120291e-01
-2.846024957883556139e-01
6.178669474607262346e-01
2.676143795098072098e-01
-3.249704222769999595e-01
7.184617233042467355e-01
-1.000000000000000000e+00
1.000000000000000000e+00
-1.000000000000000000e+00
5.000629813269306112e-01
1.000000000000000000e+00
-7.365493406641218099e-01
-2.030528135560606962e-01
-1.787924643561448201e-01
-8.991056427493918646e-01
-3.360737866754805458e-01
7.271752495678209804e-01
3.461503948272953157e-01
1.051907161986860573e-01
-2.832081172174801820e-01
6.554483096618077820e-01
-1.957663048806727868e-01
-2.013628067672583732e-01
-5.236201938003890444e-01
-7.490854299341831446e-02
1.609974742883387433e-01
-6.058834607921170790e-01
4.661790659575836271e-01
-7.155239249891430786e-01
7.074152438666715392e-01
8.184241537880020401e-01
-3.167891717079185376e-01
2.074316697072081106e-01
-4.453591600975987386e-01
6.451141931273136620e-01
-7.239186601009961475e-02
7.016176005451391778e-03
7.049586453217550064e-01
-4.426607680230831843e-01
-3.505697478309728332e-01
7.912758153534606986e-01
4.551733323353659988e-02
-7.536801379365318798e-01
5.913378425352655565e-01
-6.598332542282296931e-01
4.964247469196273466e-01
1.000000000000000000e+00
4.947824091221547649e-03
2.916151972250789481e-01
-5.754059151247739590e-02
4.869228492183178547e-01
-1.000000000000000000e+00
4.603364511835545958e-01
-4.767770695634344080e-01
3.298191305423625597e-02
3.726654137830176516e-01
-3.288126109974898736e-01
2.013190572679723206e-02
3.659372389187925956e-01
7.389026555241517968e-01
-9.493999177411309720e-01
-3.687274239781240803e-02
3.854180189687611557e-01
3.036952007395404829e-01
-1.000000000000000000e+00
9.078529202276657273e-01
-4.424538858590718604e-01
7.705312055482149702e-02
-8.100842231012366224e-01
6.109547476101281349e-01
-7.681567284242031279e-01
6.117882382375948724e-01
9.688182334644163118e-01
6.913788560285816231e-02
9.004533841762444313e-01
1.000000000000000000e+00
1.803355368978782902e-01
-9.711029404601017045e-01
8.674122046554967325e-01
9.305257028707527578e-01
4.796856534755736257e-02
9.187482899344714404e-01
-4.841883273785604347e-01
7.607275509359388010e-01
8.303608079572097900e-01
-4.493503109506183923e-01
-1.000000000000000000e+00
-4.678446491004228935e-01
-6.468315735515444143e-01
-6.136069630335023728e-01
-5.758806528093780575e-01
-2.186310257328847317e-01
-3.254944122678230523e-01
4.363970822541108907e-01
6.586613493086727056e-01
2.203145960367155765e-01
4.875532076108953783e-01
2.154961324518285537e-01
3.835006248296361497e-01
9.649588911977664552e-01
-9.786025187275433634e-02
-4.844815357849887039e-01
-5.038164410155990258e-02
5.412126230297924501e-01
1.000000000000000000e+00
9.890385913972657428e-02
-1.860138139284855108e-01
6.895448912593848956e-01
-2.564456283664971470e-01
-3.709756829418821567e-01
1.908786955710053967e-02
-3.597501435346717180e-02
-1.000000000000000000e+00
-3.969431863781395786e-01
-1.000000000000000000e+00
1.000000000000000000e+00
-6.217896441358359283e-01
5.266508103514206951e-01
5.503144174833405344e-01
-1.764030626252413581e-01
4.077973308088531645e-01
3.526753700982521167e-01
-5.344357981300404958e-01
1.554852536456967360e-01
-6.199152562197723926e-01
4.069983741045684056e-01
-1.262501428893561539e-01
-1.000000000000000000e+00
-1.000000000000000000e+00
2.251513884868688586e-01
-1.503282763341735606e-01
-7.046337942147191669e-01
-1.700195139047246951e-01
8.339468631585100766e-01
1.444213664499875149e-01
-6.390086707538564781e-01
