-5.528026778572914246e-01
-9.108620469874664227e-01
-4.376090928026248328e-01
2.876977425728727833e-01
-6.640523250327060589e-01
2.151047063260718914e-02
3.570198401022260937e-01
-7.597891829375139627e-01
-6.856989706210890878e-01
8.054440078999299812e-01
4.535602122011898052e-01
7.880084408864140855e-01
3.948087690456762999e-01
-2.377408883178643295e-01
-5.769770328422286765e-01
2.800699428514889511e-01
7.260889997596461365e-01
4.980851677949164058e-01
3.681169956004222144e-01
-1.000000000000000000e+00
4.248738749295172257e-01
-1.000000000000000000e+00
-9.168124161050960064e-01
-9.910711107866732039e-01
1.000000000000000000e+00
1.225349177055282540e-01
4.045006318886640306e-01
-5.332168041130496139e-01
-1.000000000000000000e+00
1.900547510971523635e-01
2.077495256210518948e-01
1.000000000000000000e+00
4.345435851777651459e-01
8.311321612405235815e-01
-2.676585601821031557e-01
-8.611967357540468715e-01
-2.528849229206061033e-01
-1.027016681887119864e-01
6.301393552678313803e-01
-2.757802451747929928e-01
6.604273770731794446e-02
-1.689138443877990503e-01
8.408210081315694584e-01
-4.432259160836155010e-01
1.000000000000000000e+00
-1.291658498139026112e-01
9.198050841692240187e-01
-9.951507425060396317e-01
4.936912601308759418e-01
8.908590746874559541e-01
8.124056924227700538e-01
-1.050979083031671202e-01
4.959023444895516164e-01
-7.215952535606595664e-01
-4.136435307833248864e-01
4.940447545977634802e-01
-6.461222147300412777e-01
1.588335636390747485e-01
9.764455703876212533e-01
1.000000000000000000e+00
-4.565243455932095351e-01
-3.264179627861306665e-01
-1.378934321049263279e-01
-8.526343142682668574e-01
-5.999615943537299767e-01
-7.902525732366860733e-01
-6.552303927772340497e-02
8.303750528337465742e-01
-6.838508037060394562e-01
-3.562599155505124515e-01
-9.483698724838843797e-01
6.581845931130270166e-01
1.623043985525461363e-01
-1.000000000000000000e+00
-9.907639887106131082e-01
-2.663837502834767168e-01
3.843137104735517839e-01
-2.158392036562776506e-01
2.329022733848067628e-01
4.716924278333756160e-01
-9.079250152346686198e-01
-9.871601674217375666e-02
8.698229458711221884e-01
1.546879310083684456e-01
3.493779998920810287e-02
-3.993031315682190052e-01
9.437456824790996235e-02
-8.879986761382047122e-01
-3.582030437775937104e-01
4.349360562723190993e-02
-4.178944469303560449e-01
-1.232425090314219485e-01
-4.954724482839582000e-01
-2.778061463918272689e-01
4.023182546214226774e-02
-7.538324676880987507e-01
1.726050942219567175e-01
1.640170810883158914e-01
2.249178802516042519e-01
3.624458527218685777e-01
7.141032822824964210e-01
-9.459548403926845150e-01
1.000000000000000000e+00
3.817050115126376930e-01
-1.784971669906343372e-01
-2.762044623630319773e-01
-1.028169332708536859e-01
1.000000000000000000e+00
-6.974141846395691680e-01
-4.429032400464272268e-01
5.525688135429724923e-01
-3.612605752390501967e-01
-1.688677426464256226e-01
1.000000000000000000e+00
8.296541571619893141e-01
-7.850598659410575886e-01
-4.066408818869771680e-01
-5.688990167933569708e-01
6.999904172273300196e-01
1.172681280005792026e-01
5.348371006882520762e-01
-2.434343171444938725e-02
-1.702644797108820440e-01
2.292147533782045998e-01
-8.569866253701883263e-01
6.574247105405955915e-01
3.645894364511216845e-01
3.903103431887885444e-01
1.823950627502707866e-01
5.196094467422689434e-01
1.000000000000000000e+00
-6.851699661441550404e-01
-7.744072889590042363e-01
9.433683898076095087e-01
-5.937727095079797790e-01
6.025776919995649017e-01
2.372477624249006711e-01
1.398623312387280160e-01
6.291680421030514392e-01
-3.952274125688681750e-01
-7.417042941535283429e-01
-9.339390726672981424e-01
-5.073658733071220173e-01
1.000000000000000000e+00
-8.318510020032159058e-02
3.367985125056185414e-01
7.453840795813442277e-01
-3.593795594183486486e-01
-3.401442388149382712e-01
-1.000000000000000000e+00
-3.758806088212507390e-02
4.708545381806900076e-02
-8.354742931662086924e-01
3.207461079864309950e-01
3.251788982693061825e-01
1.000000000000000000e+00
-1.000000000000000000e+00
-4.205415606781535143e-01
6.425704189956553680e-01
2.160277081815460687e-02
6.015452108101768669e-01
1.525810990446445081e-01
1.000000000000000000e+00
8.799108361725370697e-01
1.000000000000000000e+00
2.555734204549633959e-01
1.000000000000000000e+00
2.385881850086618294e-01
-7.292389546115509713e-01
3.113910411997330430e-01
1.000000000000000000e+00
8.385414105607613688e-03
-9.086889130360650269e-01
1.000000000000000000e+00
-4.661861388143167528e-01
-2.151980076066147829e-01
7.158800925482847743e-01
-4.423712364116813567e-02
8.220331942416890803e-01
1.894765289074109571e-01
-4.849429578270454955e-01
-1.934375078061779940e-02
-8.636832153573377191e-01
8.746275308217198452e-01
-6.688168419936946218e-01
1.000000000000000000e+00
-1.000000000000000000e+00
-4.031447178896302996e-01
-4.114383578816708242e-01
-4.409488682036284413e-01
-2.541256497359345445e-01
-1.289947030221737512e-01
3.176924103823676182e-01
4.409619451881506835e-01
7.560789040250024406e-01
-7.224638546330660605e-01
9.753086999094130738e-02
-4.044946669304300135e-02
-9.219576524958921215e-01
9.488462461029214534e-01
5.390335386869520296e-01
-4.819783194618409428e-01
-9.748930195630581830e-01
-9.408336902047384487e-02
5.971131811510694831e-01
-3.359615438898894135e-01
-9.566073448672880453e-01
-1.317251477143385752e-01
1.957017831829596100e-01
-8.934759059061258002e-01
-9.440366951766766546e-01
1.391888503542156041e-01
5.860414914511904438e-01
3.445544441866530971e-01
-1.310317345602230732e-01
7.610853518581721655e-01
-8.154562135989779081e-02
5.641640631932973160e-02
2.706487269775497695e-01
4.527636435767423140e-01
-2.620349118313770043e-01
8.447764884666607577e-01
-8.678949924543784000e-01
3.742069667001151068e-01
6.767482000617697224e-01
3.988451417462860471e-01
-8.248030462345807834e-01
3.269135133792180348e-01
6.275672529954329226e-02
4.975590767955577476e-02
5.218114481991971143e-01
-6.260598198447373530e-01
3.331532811767868307e-01
3.152683747558867045e-01
5.239075976712838090e-01
-9.665169397671549145e-01
-1.000000000000000000e+00
-1.770062873869348852e-01
6.994032046942307845e-01
-4.575385142334142952e-01
-2.144939279693949263e-01
-4.461573919576863334e-01
3.175327739739295385e-01
-5.496199686396784356e-01
-1.059110745317546343e-01
-7.862935421324874774e-01
-5.499883764782833584e-01
3.826576369627066598e-01
2.939534762869078222e-01
3.142197319436038083e-01
6.667988488079015230e-01
-6.191465369635236193e-01
5.500375397634444941e-01
5.362173780708254789e-01
7.500781962321885210e-01
-8.332319193714367023e-01
-7.681604861575519472e-01
6.403863794010247190e-01
5.237663389978021167e-01
-9.772509053647439048e-01
-9.373388813552063770e-02
1.651882045448103131e-01
-1.392342637797028826e-01
1.201612882092877310e-01
-6.238790115365858702e-01
