-5.282408175072587087e-01
5.190415543327566716e-01
1.387626491220124159e-01
-7.688033848622957134e-01
-7.589417387157513240e-01
-6.032099605522207586e-01
9.106881833820847094e-02
-9.985755494216408401e-02
-5.936809629557582291e-01
7.063307290217218926e-01
-7.837347580051226004e-01
4.618216198413982454e-01
3.392458465400221557e-01
-7.393597624412819869e-01
1.000000000000000000e+00
-6.656650799494916448e-01
3.918913438932043469e-01
-3.351349812755247126e-01
-7.973586588375326523e-01
5.210500495936700727e-01
-2.770764139584566133e-01
-5.135002117380308428e-01
-9.729848917523509222e-01
3.641344053920764212e-01
1.000000000000000000e+00
3.267470903355030876e-01
-1.680375717972172056e-01
4.791804733449491205e-01
-5.567392942930660116e-01
2.257019791772604533e-01
6.290978453479711963e-01
-6.556481544056063093e-01
4.051125850520480298e-02
-8.169169927446627844e-01
-3.389564773517957930e-01
-6.810214599319839301e-01
6.947791771825669871e-01
3.216390348239156483e-02
-7.097109716672313218e-02
1.505508445967555231e-01
-2.142776657904084392e-01
1.000000000000000000e+00
4.689784184057850802e-01
-8.188965789906383907e-01
-1.000000000000000000e+00
-5.903101626409598124e-01
-7.856714390845542795e-01
-1.000000000000000000e+00
7.600659326952567685e-02
1.830826087670368030e-01
6.304030934512439011e-01
-3.318501944648000190e-03
-4.526712905944506038e-01
-8.661695367731061523e-01
8.883375444441442559e-01
1.031980611518759916e-01
6.112986381435063787e-01
6.934785314601294992e-01
2.876956865000120933e-01
-2.451626855284641249e-01
-7.596583005385477705e-01
-1.000000000000000000e+00
-2.510824913780479450e-02
5.206575877350292370e-01
2.673483688256488855e-01
-5.513704857615459032e-01
1.800074565643915714e-01
-1.000000000000000000e+00
7.239211277221543339e-01
-5.060124254365908625e-01
1.000000000000000000e+00
-4.062194220266739375e-01
6.619061904516616579e-01
2.078600027514632131e-02
-1.000000000000000000e+00
-4.275021213065705039e-01
-2.398744770869720433e-01
1.000000000000000000e+00
4.209548219398820401e-01
4.999229089973194484e-01
4.398709490942933620e-01
5.224001405073352977e-01
-1.000000000000000000e+00
-6.879834918784980546e-01
-3.473066159819723220e-01
-1.000000000000000000e+00
-3.903126265238119896e-01
-2.540450910532253137e-01
-2.350655172147285421e-01
-1.864898049101503252e-01
-8.742032992997241791e-01
-5.796256251601146214e-01
2.386760245390340263e-01
-2.432194339584387854e-01
1.730754235594826329e-01
-1.270958136267989480e-01
-4.028658071012302111e-01
1.000000000000000000e+00
-1.130379826923072761e-01
3.602337515597320294e-01
8.073851627559741617e-01
-1.205712545224311427e-01
5.310556950372541385e-01
-2.217900290305231947e-01
-7.996025935222225156e-01
-5.505361041354526197e-01
-7.356724923676130623e-03
8.077477408441388063e-01
1.314055727789037453e-01
7.342289315889333201e-01
2.535331449818402083e-01
-1.000000000000000000e+00
-7.993168486895161351e-01
5.016342656406030942e-01
5.025245576975027051e-01
2.770087142460324614e-01
-8.318999244303762475e-02
3.245303627574251393e-01
-6.929825091047211449e-01
5.381582425783619783e-01
-9.931504558856611986e-01
-2.419816115765176245e-01
-8.506373440167281919e-01
-1.000000000000000000e+00
9.329384691651811945e-01
1.424011016861209400e-01
4.077315623715419557e-01
4.376115049430570059e-01
3.692466377310651415e-01
-4.507080817391130867e-01
3.684749241137764697e-01
5.573660892619973772e-01
-9.537868661235955337e-01
3.804083008291092582e-02
3.635818187988260619e-01
-8.893177158703557961e-01
-6.488082820230428593e-01
-3.672245944787970173e-01
9.483304518642435843e-01
8.452579126419558220e-01
7.248505614429293642e-01
-5.445382764270132459e-01
-9.831607091007119603e-01
-7.320055596728520797e-01
4.087725942814166014e-01
8.656167819906360195e-02
-8.979646191600147986e-01
8.345001431136287451e-01
-2.039351446673129398e-01
5.761214362292030877e-01
-1.448221105677392484e-01
9.932655869355405676e-02
5.053274044770337259e-01
-3.635346634615975181e-01
-9.119144073813161278e-01
1.228500804593463391e-01
-2.376288940217552992e-01
1.263169054035450656e-01
-1.000000000000000000e+00
-9.198895407411556979e-01
6.946240180342418968e-01
-3.484537120234519614e-03
-5.134222711262437233e-01
1.972315644429775416e-01
-6.897477744929866317e-01
-1.000000000000000000e+00
-2.836643181475390074e-01
-4.009427077076304635e-01
1.883556943082904112e-01
-2.134622834033638727e-01
2.571575822092784236e-01
2.243567044795996557e-02
-3.064611420363700933e-01
-1.000000000000000000e+00
-1.498714679440257824e-02
7.180892143725489118e-01
3.117849854834656709e-01
-1.000000000000000000e+00
-1.808539890432303565e-01
-6.863354691948244657e-01
-7.535666625300398991e-01
4.646470613379811154e-01
3.857980465001868420e-01
-9.206406027163382966e-02
4.109882040830837302e-01
-3.084321229405607989e-02
1.000000000000000000e+00
-2.716686746429415322e-01
-5.957095623222334879e-01
1.788676220161647124e-01
-2.898999089749461078e-01
7.218259098433634779e-01
2.270410918821079704e-01
1.478272269581164533e-01
-1.312256709218038164e-01
-6.219972181044011172e-01
-5.633503370138297495e-01
5.606658150615857483e-01
-6.137951630802278569e-01
-1.318211436784407498e-01
-4.305744496013415024e-01
7.649262925154185488e-01
8.702069745330877071e-01
6.849217237519616974e-01
-2.930746928445649990e-01
5.931904243052664727e-01
2.409396694187488364e-01
-2.354188561209796804e-01
3.677978458749093238e-01
9.367980235964182834e-01
-7.414812963520758249e-01
-1.000000000000000000e+00
2.804074144720701822e-01
8.167387059873482125e-01
3.407878670869955995e-01
2.038311704880876873e-02
7.230038591807991244e-01
3.456743773511704032e-01
5.919850628728491326e-01
-4.358373844678016251e-01
-8.639533607305894813e-01
-6.319100261148140607e-01
-5.268023745087648813e-01
-1.000000000000000000e+00
4.048954455614057757e-01
-7.389964327312550374e-01
-9.370461535292992084e-01
-6.093190632104610316e-01
9.812310826403907171e-01
7.445969899883835286e-01
-9.264562965345113366e-01
-9.160282351941795298e-01
7.208109538089947366e-01
8.293543568079546624e-01
9.211631633377159734e-02
-2.162903266361645982e-02
1.369970631844040776e-01
-1.376116835177287334e-01
-3.536642328208268460e-02
-6.983700584583166782e-01
8.005344235904585659e-01
1.000000000000000000e+00
-4.462723017366058142e-01
-4.532382054860258913e-01
6.055951490856156250e-01
3.775595244612942603e-01
-1.233028740619488695e-01
-6.758397957479870266e-01
-3.053907896688509149e-01
-9.641832354107240377e-01
-2.505289136142349604e-01
8.275185278181221293e-02
1.000000000000000000e+00
3.327464250144434588e-01
-3.801913517732705139e-02
8.434535738904989088e-01
-5.983588175207953386e-01
-9.521133850600020931e-01
1.327512529523774965e-01
1.985749663575549773e-01
-1.000000000000000000e+00
-7.892575287388190475e-01
6.630571787643109172e-01
-6.362833649479912035e-01
4.390728221182733926e-02
