-7.320789015146441647e-01
-4.232997583894753113e-01
-3.264689953350383145e-01
5.019535629024426265e-02
-7.686623054128753907e-01
4.381188704527681499e-01
-9.244358661927252196e-01
-2.669166148798263888e-02
7.712765810832191704e-01
-6.956318395171438018e-01
-7.283576774077682447e-01
-8.396238514480558468e-01
7.187143340932757862e-01
1.574635388862868079e-01
-9.115223841972077690e-01
-1.542326565470263366e-01
2.013577139321490184e-01
-3.995817833508673034e-01
9.010200040686261458e-01
1.578124832249736542e-01
-3.431993217519221928e-01
-1.217044992293934980e-01
7.595024064275147646e-01
-2.689679385663434896e-01
4.254232014013843710e-02
5.207845652742689735e-01
6.118821218324342892e-01
-1.000000000000000000e+00
-3.993958709975259924e-01
-9.689440162501549159e-01
3.292445063866140109e-01
6.074205940191732545e-01
-8.161255276989419771e-01
9.616443647794645777e-01
8.436153971779852823e-01
-1.309605158006098558e-01
-8.797782081515882480e-01
-7.859800197840460800e-01
-1.425864251215505363e-01
5.667146294269783668e-01
6.010733350723105328e-01
2.219503469584522271e-01
-9.662541320095944242e-01
1.535090242442785913e-01
1.899705361836147022e-01
1.000000000000000000e+00
6.597161316825450594e-01
-1.403948199228108873e-01
-5.043025073125834146e-02
-3.087518590421020614e-01
2.233246837068004198e-01
-1.000000000000000000e+00
-9.571597988205066132e-01
-9.577227802048927652e-01
8.830201571547555695e-01
9.654623783481771637e-01
3.323059937822975263e-01
-3.035495023646216928e-01
-8.842223673387816785e-02
-4.784181218110242773e-01
-5.504055557297114765e-02
6.089411569675904357e-01
-3.713222468879934790e-01
-7.067711829992779915e-01
9.185148080138260118e-01
5.761864731491600500e-02
-4.256061930912101721e-01
-1.103987321952916156e-01
-2.360761344252233496e-01
1.000000000000000000e+00
1.000000000000000000e+00
-6.003067891879381168e-01
-1.851716977859545477e-01
4.018842010867793579e-01
7.491129275467045545e-01
4.061004815057475126e-01
1.000000000000000000e+00
-5.541004927663695234e-01
7.284780382759589168e-01
4.501201028505654733e-01
-7.120941988621429797e-01
9.814623556548350836e-01
-1.000000000000000000e+00
-7.501282327508340675e-01
-4.816532052588605173e-01
-2.402780654032523125e-02
-1.000000000000000000e+00
3.996761663366243389e-01
-1.401493073516452692e-01
-5.449351876550856399e-01
-6.905144250253096860e-01
-1.955651145664649704e-03
6.440794243282144116e-01
3.244623132956864220e-01
5.910049815305393750e-01
8.195208416482440139e-01
-3.821647188448772381e-01
5.008333213688253016e-01
1.000000000000000000e+00
5.804367013516038565e-01
-6.284342269314981966e-01
4.342803248222207868e-01
-3.994617070514596691e-01
-3.710039577002311462e-01
2.439421515182267353e-01
-3.345958939359277018e-01
2.977870626998340708e-01
1.426137332340167083e-02
-2.884329460463236905e-01
1.000000000000000000e+00
-9.706908020786243485e-01
7.355167390028825025e-01
-7.990314653252005295e-01
-1.000000000000000000e+00
2.780496702916122886e-02
2.269718935393370551e-01
7.816455031255786778e-02
-8.995964861118131983e-01
9.412671197563846626e-01
5.207268269594588217e-01
9.676037933906500577e-01
5.353859761787452820e-01
-4.795722766566929973e-01
-2.442925025322904842e-01
1.000000000000000000e+00
3.504493619367771706e-01
3.650993775421993992e-01
2.065192006520539247e-01
-2.005436793856549826e-01
-1.000000000000000000e+00
-5.714273710710793264e-01
-2.083750194225715280e-01
-4.330711115109592280e-01
6.610564693919973589e-01
4.543439978538601487e-01
2.460853087425786956e-01
4.231370448836652698e-01
1.000000000000000000e+00
-9.533858502857892048e-02
-2.160445353332068885e-02
6.110498314655498087e-01
-1.000000000000000000e+00
-1.484181864841273568e-01
1.000000000000000000e+00
-4.204868181690346041e-01
1.000000000000000000e+00
-3.130535460638212975e-01
7.781803940704257183e-01
1.360703718549713948e-01
-7.692518407498203370e-01
9.561583819176368015e-01
4.296934770633334955e-01
-1.000000000000000000e+00
-9.396826208797622870e-01
1.000000000000000000e+00
-1.000000000000000000e+00
1.560998633127379798e-01
1.000000000000000000e+00
4.432252820366553436e-01
-1.155626472287297896e-01
4.118923427584155750e-01
4.880527330437101075e-01
-1.009409674391481548e-02
1.823580967625688110e-01
2.702381366195057977e-01
9.250826468539639080e-01
1.000000000000000000e+00
-1.000000000000000000e+00
-2.956421743107404687e-01
5.758305424318191923e-01
-2.811845843775726550e-01
-6.164633069891891637e-01
-9.258360147031603482e-01
7.219710628387896456e-01
6.305624194130916571e-01
-7.083685049419137236e-01
-4.596339073001852737e-01
-2.464970540407224742e-01
1.000000000000000000e+00
-3.937443361085363747e-01
6.920781142940923836e-03
-9.526728392005519019e-01
6.608544706505614652e-01
-3.330415148610762349e-03
5.287441533798860061e-01
-4.048901115911776594e-02
7.327064529918541069e-01
-2.863185533159939844e-01
-1.000000000000000000e+00
-5.535114251232373661e-01
5.410918370408038802e-01
-8.763911762269797068e-01
6.272473312911712728e-01
3.034384769897076062e-01
5.597790508233284612e-01
-1.373629824003008704e-01
4.256601684414239584e-01
2.674616969844921810e-01
-8.112154130574266153e-01
7.002959537802856405e-01
2.895898170384211476e-02
-7.146054498561714707e-01
2.816515679681958484e-01
-5.879190844462187648e-01
-8.293107442694779285e-01
-4.569064297219836979e-01
-1.000000000000000000e+00
1.000000000000000000e+00
6.594833562775694880e-01
-6.672791325592466460e-01
-9.239024252138223758e-01
-4.943093567104330788e-01
4.240787443966370640e-01
3.561207510242876406e-01
-1.000000000000000000e+00
4.999597807697190449e-02
4.188687485906495978e-01
-2.883722247812613992e-01
1.000000000000000000e+00
1.000000000000000000e+00
9.050381163132020790e-02
7.211182157707618501e-01
4.113394528878186462e-01
7.985105517696421407e-01
6.796920054120025867e-03
1.000000000000000000e+00
-6.385632347443961354e-01
1.394597075836659719e-02
7.170005488558510442e-02
3.173967476947336941e-01
-3.492043992516216666e-01
1.461230157204594371e-01
5.189163475697667893e-01
7.672455090039279613e-01
1.942501150164326895e-01
-7.138056813160924274e-02
-1.000000000000000000e+00
-1.000000000000000000e+00
4.540180900873880265e-02
3.328411974250358174e-01
-9.010007035931758557e-01
-5.489599653047319006e-01
1.000000000000000000e+00
2.158183646193401473e-01
3.084351760663461284e-01
4.075802550330534513e-01
-7.272553155688150639e-01
1.000000000000000000e+00
1.598062653653724574e-01
4.941356151193670998e-02
1.322540243247242175e-01
-1.209581827495729428e-01
-7.814363270233446457e-01
9.491262366600506928e-01
-3.807422573815302247e-01
-8.867275070748181776e-02
1.000000000000000000e+00
9.681419065476785102e-01
-7.156508248816399742e-02
-5.046011026285903700e-01
8.535030796340559167e-01
3.090584399888708367e-01
-2.359178055005738475e-02
-8.457616113202204300e-01
1.000000000000000000e+00
