-2.010166634359575322e-01
9.943021718342455184e-01
3.967098225033512948e-01
1.000000000000000000e+00
6.657753836482080967e-01
1.000000000000000000e+00
-5.218054625685527581e-01
6.800953517997971876e-01
-3.267479912953351606e-01
-4.047423178300657565e-01
2.932490283213805005e-01
-3.996173148442178080e-01
-3.117237333647988051e-01
-2.751064600577847186e-01
-1.000000000000000000e+00
7.531381794956935050e-01
1.241072356115020120e-01
-5.119713344161724855e-03
2.159264066714811636e-01
3.982727503132503788e-01
-5.243694791276977130e-01
9.659510616517318349e-01
3.184334317325571706e-01
1.705827906434563557e-02
3.962593451890065177e-01
5.323811799117648125e-01
-6.563387917729663901e-01
2.314616149845829529e-01
4.446462510761285403e-01
1.000000000000000000e+00
-4.193870219639247443e-01
-1.000000000000000000e+00
-1.000000000000000000e+00
8.044402799369589907e-01
3.507204222807384641e-01
1.000000000000000000e+00
-6.773614051066222386e-01
-6.306411416164995343e-01
-5.226195662383227303e-01
7.275048347467417686e-01
5.607501757472856951e-01
9.907649971355125817e-01
-2.708172306482766190e-01
-1.609282506978729488e-01
-2.130541858668765776e-01
-5.949308395328418708e-01
7.648112360459764503e-01
-1.484270777242206740e-01
-5.969910905120674460e-01
8.291207332877816860e-01
5.559021153415568683e-01
5.147054980865977125e-01
-1.000000000000000000e+00
8.132206492051277102e-01
4.987526759052583469e-01
-9.542944308564387246e-01
1.098103829657472996e-01
-1.000000000000000000e+00
-2.631357211187803080e-01
3.790902245601065479e-01
-1.000000000000000000e+00
3.395916767295662497e-01
2.718466257877713566e-01
8.519774110584230620e-01
9.124135000522688443e-01
-9.454584205317901890e-01
-6.758128601401373059e-01
-1.682198723217862013e-01
-4.184344333048563014e-01
-6.080354940308110301e-01
-5.629308437927619257e-01
1.000000000000000000e+00
-1.000000000000000000e+00
-1.000000000000000000e+00
-6.633137168069608292e-02
-1.000000000000000000e+00
-3.399589153844611022e-01
-5.290746962932915132e-01
-3.803423578253810611e-01
2.119041076777690713e-01
-6.540383141954788648e-01
8.238048004654170420e-01
-2.143177354049116135e-01
7.434640537127340520e-01
-7.108644391847123156e-01
-4.245062207408800137e-01
-6.153678271394007887e-02
-7.161518648699445322e-01
6.207176434741157323e-02
4.138148083633369501e-02
-7.877031707053108178e-01
-1.000000000000000000e+00
-6.172822101768351555e-01
-7.217716273144688666e-01
1.848088732438866455e-01
-3.275047081196774679e-01
7.325326788500827746e-01
-9.298985793552165813e-01
3.529133455967209398e-01
1.276392863745289818e-01
-3.124454919075843606e-01
6.159084092423324774e-01
-3.334378815182058586e-01
-5.426935625429661902e-01
1.123672123120422750e-02
-4.380855298780814699e-01
-3.262198234738581393e-01
7.649195228631753274e-01
1.322340188860711141e-01
6.183757028217786583e-02
4.160769524098963945e-01
-3.330412748680450785e-01
-1.000000000000000000e+00
1.837843571712189095e-01
1.000000000000000000e+00
8.327395760108220468e-01
-7.593864218520069986e-01
2.363089493698160570e-01
2.765857596817800634e-01
-3.601932131555447558e-01
-7.203714627797270786e-01
-6.977897474831600277e-01
-1.237262151235470342e-01
-6.845031216866019896e-01
6.628779816764727162e-01
4.692767930757965056e-01
3.033974865406023902e-01
-5.513305820296006132e-01
1.298295864676202171e-02
3.425404159348326982e-01
7.410351976241419392e-02
-5.268215368883215621e-01
-8.453940422699541823e-01
-5.555918426344780281e-01
-7.116920565478078720e-01
-5.719946237505995068e-01
6.496363528804488530e-01
-8.490319209933656630e-01
-2.093394645951127675e-01
9.307582815371866491e-01
-3.217088679712586385e-01
-4.270514589192503929e-01
-9.323019934270785347e-01
-2.781599494496233005e-01
-2.230445532789587793e-01
3.701973533007815176e-01
1.000000000000000000e+00
-1.000000000000000000e+00
1.496226282668002838e-01
-5.397821859627842667e-01
-6.284173958222061263e-03
-7.482706931608943401e-01
-1.923580793714435577e-01
-7.913199156771619780e-01
-6.361336052370544780e-02
-5.057635675717646606e-01
1.155225415037803571e-01
7.314278803869223022e-02
1.000000000000000000e+00
1.000000000000000000e+00
-5.940533731179983290e-01
-8.218781722375750887e-01
-6.018725858911224691e-01
-9.021407877720484247e-01
3.241268876146409794e-01
7.552409806116295865e-01
3.803229003411355835e-01
1.000000000000000000e+00
1.948601234420086203e-01
-2.250837822594712601e-01
3.290988966470845267e-01
4.030267669565690269e-01
-1.913335197105935082e-01
-7.957198595110995809e-01
1.000000000000000000e+00
-3.460468216225565108e-01
5.714582708059059435e-01
6.636651251947001118e-01
9.924211124417409158e-02
1.314715269719524404e-01
-1.526375071242837833e-01
-5.880490956172272909e-01
3.498244315277141414e-01
-3.373976908965825583e-02
9.093200916924044641e-01
-3.406661884630760584e-01
2.425903776515996590e-01
-9.863554296139930289e-01
-1.387806428710078865e-01
-8.864370194320938534e-01
-3.623885588383901069e-01
-6.942941320717763709e-01
-6.847217942239706145e-01
-5.820025274239081226e-01
-8.532182577701652448e-02
-3.665202413535980086e-01
4.017249529956354315e-01
8.421999651174550960e-01
-1.000000000000000000e+00
5.911200601108256292e-01
-8.024011004749076470e-01
1.000000000000000000e+00
1.000000000000000000e+00
-5.648888167323438125e-01
6.809683013699501242e-01
3.042556111611901537e-01
1.000000000000000000e+00
-8.723746842390811551e-02
1.000000000000000000e+00
-5.716273631610591099e-01
-5.810551876007044036e-01
-1.000000000000000000e+00
-3.939930674263644739e-01
9.414893246973695673e-01
4.821635239954851215e-01
-7.600516522506914896e-01
-7.330036864431375143e-01
8.341273405918347983e-01
-5.481799710617403232e-01
-2.050296822995332224e-01
5.689879410237056595e-02
-1.263384077600571420e-01
-2.104520257744555145e-01
4.346686798616070102e-01
-8.956097945758686452e-01
6.714867659832365332e-01
2.823693752776033072e-01
9.625591342133063000e-01
-7.752913202355398159e-01
1.000000000000000000e+00
-8.193506020391042588e-01
-1.454099371546534181e-01
-3.502109032001292366e-02
-1.000000000000000000e+00
9.255679474283612373e-02
-1.851288732864664333e-02
-5.131178661208085634e-02
-2.026107045091030678e-01
-2.842618094391841654e-01
6.894869838371238124e-01
-8.196768778542368183e-01
1.000000000000000000e+00
2.795185693009323291e-01
-3.067692910407239515e-02
-8.492970922659921762e-02
-1.000000000000000000e+00
-1.000000000000000000e+00
5.566881326647499240e-01
5.138835399568706386e-01
-4.119776350021342459e-02
9.310987679398005090e-01
-1.000000000000000000e+00
8.697996933593414859e-01
-2.944521984070436194e-01
6.712132941531296915e-01
-9.431411368270157247e-01
-5.624785459121672826e-02
-3.252603733050275503e-01
1.000000000000000000e+00
2.877158647507138678e-02
-1.000000000000000000e+00
-4.843131963567907095e-01
7.224602935079433852e-01
3.013634810466349068e-01
-6.442878172607864329e-01
