-4.698616074053723057e-01
6.320538497009645651e-01
1.000000000000000000e+00
-6.869111965655698426e-03
-9.577759024058321025e-01
1.000000000000000000e+00
1.805450062005687084e-01
-1.637151362381889519e-01
-2.397411913865279687e-01
4.393401124414593184e-01
2.790813754955832615e-01
8.781748937858047110e-02
-4.891796912847594658e-01
7.653459977254513102e-01
1.000000000000000000e+00
3.201957130556316033e-01
-7.691586809135995129e-01
-6.493783609674426138e-01
-7.772962678684554039e-01
3.131895893071300341e-01
3.209386182698121814e-01
3.653367183099895943e-01
-3.934481624231200292e-01
9.299828050205022345e-01
1.749316705218109669e-01
2.171540039649911547e-01
-1.977911397882135824e-01
-2.400055087140862409e-01
-5.263015480394540591e-01
-4.269175446385322092e-01
-1.000000000000000000e+00
9.326941535826944740e-01
-1.576666280301265155e-01
-1.749104854899340700e-01
1.637058618287432488e-01
8.682477884843259330e-02
-1.141715664091222243e-01
-7.165175838132828989e-01
8.090477379241365341e-01
-3.080446151562966917e-02
-1.000000000000000000e+00
2.448684128672572180e-02
-6.851853462240735659e-01
1.000000000000000000e+00
5.532362200475173797e-01
8.019988476560269142e-01
6.610875735143643128e-01
1.000000000000000000e+00
-3.662349749229405482e-01
-7.310168470870974655e-01
-2.344494831612265184e-01
1.982115526351140855e-01
-1.000000000000000000e+00
1.508912019887206357e-01
4.440743305341345870e-01
1.000000000000000000e+00
1.669673112896428169e-01
2.467160309844903532e-01
-7.193299382323732338e-01
4.716486861015912746e-01
1.481184302033122513e-01
-1.799081321592109206e-01
-6.587174941405909978e-01
-6.381137103272822575e-01
-8.166243192824328423e-01
6.123284298994091657e-01
-9.773885205783319208e-01
4.867608676827555048e-01
2.822660514210554861e-01
-8.862441322853777947e-01
-6.903935444562450119e-01
-3.041351634124468406e-01
3.109032464306117904e-01
7.666669038138409498e-01
1.000000000000000000e+00
-8.922031068897537942e-01
-1.530850462379220178e-01
5.113549970423822977e-01
-8.110780101370391737e-01
-5.135301277310490020e-01
-5.664337520395589243e-01
-2.933600492058495088e-02
4.188533302910559808e-01
1.044319574966312558e-02
8.855711487445704355e-01
6.800104409737105227e-02
6.943207877860840815e-01
-6.912233119077875187e-01
7.459287877553949508e-02
4.417135475287521929e-01
4.838603875486348627e-01
1.000000000000000000e+00
-6.279243443072242137e-01
-1.000000000000000000e+00
-1.000000000000000000e+00
4.717109776945153654e-01
-1.000000000000000000e+00
-3.212260452340092720e-01
-1.633772641132800740e-01
-7.997601977765557146e-01
-5.415499784845929643e-01
-2.059229899509030792e-01
3.956763622226961985e-01
3.097679561554712024e-01
1.863531926964694108e-01
6.611460594651155653e-02
3.120403892094413822e-01
1.632151651367551859e-01
-1.000000000000000000e+00
2.286242679514300935e-01
8.329948221906368078e-01
1.000000000000000000e+00
7.223824747545657399e-01
1.583557881914985088e-01
-1.599914625656086997e-01
-3.632050007634136657e-01
4.172009857057942250e-01
1.000000000000000000e+00
-2.929895890790021884e-01
5.722705260108450487e-01
-9.930173610011200358e-02
-4.074588755372872684e-01
1.038775556022346058e-01
-1.872096611576307690e-01
1.127692269800695257e-02
-4.343990843247041989e-01
9.813768131450342214e-01
6.967873435352225364e-01
-3.530759440455786824e-01
-6.475141585297218283e-01
-1.000000000000000000e+00
-3.026461921486446327e-01
-7.241682843289962701e-01
1.112984245345511464e-01
-8.948195446759534821e-01
-9.467289202537361170e-01
-3.003780923542672676e-01
7.669196515145498827e-01
-2.105580350701352077e-01
1.000000000000000000e+00
-9.396798480491663774e-01
5.039889710812019974e-01
7.116175547918409672e-01
-5.736592243814301328e-01
-7.861846341993238285e-01
2.398103155386463181e-01
3.639041445343088599e-02
-4.256233549621488699e-01
-7.661927096959029182e-01
-5.769597023541160885e-01
2.652125852444934262e-01
4.780005120674118198e-04
-4.824089571100044216e-01
-2.426388896489261870e-01
9.015805188817945792e-01
2.404581192503915110e-01
2.829825640822364319e-01
-3.727533150760928837e-01
1.000000000000000000e+00
5.545096954919801480e-01
-1.083227939780847804e-01
-9.464886882148297875e-01
-6.084462495261822035e-01
7.775177346494365205e-01
3.630852724476097415e-01
-4.682989166842639328e-01
8.429293233401486951e-01
-3.794029366611867404e-01
3.184965279384022185e-01
6.673945226833910560e-01
1.000000000000000000e+00
-4.215517457429443504e-01
-5.324627187330083222e-01
6.557050513735757091e-01
-3.763077860549206566e-01
-8.527556660838365721e-01
1.000000000000000000e+00
3.703269120334010123e-01
-6.356763029342830107e-01
8.812874492091703482e-01
9.869202416018612034e-01
2.985957683296535103e-01
-7.460761298426445975e-01
-4.314726402707742547e-01
-4.857735088127838052e-01
-3.843221993237906364e-01
-6.634700013418384223e-01
-1.501923563887525015e-02
2.874404434464753466e-01
-1.760672221085441413e-01
-6.563142697639496870e-01
4.344866806124729197e-01
5.525293990286600510e-01
-6.393326468292157561e-01
6.145800561262628747e-01
2.577789138303044902e-01
4.120569128256215130e-01
6.293091783876755274e-01
-3.876223033085995362e-01
2.700307892730103854e-01
-9.376542310341986486e-01
-1.394299651207242252e-01
7.113622934106573759e-01
-6.540159253718225152e-01
-1.000000000000000000e+00
5.725652283099199602e-01
-2.604563009918146044e-01
-1.662514374834792030e-02
6.751476241782491394e-01
6.316324689659728042e-01
-5.572433754800861783e-01
-7.382471908992614962e-01
8.872927762808910934e-01
5.981892158751317412e-02
4.220345958703688449e-01
-8.991700627224896714e-01
9.734400676808687702e-01
-5.385304972988197436e-02
3.433483913504435936e-01
1.991950066257418550e-01
4.287648205074900409e-01
-4.917679264854884491e-01
-4.967511545327515377e-01
-3.954793011288653681e-01
-1.063931070209638563e-01
-4.442240807771206668e-01
-1.000000000000000000e+00
1.000000000000000000e+00
6.659219799356860814e-02
9.653940918907528701e-01
-2.534277505077844328e-01
-5.057095572025861463e-01
8.627664076560193074e-01
3.219466212531043037e-01
7.896007503183952725e-01
1.320290429117463860e-01
2.803077039231655077e-01
-9.730890983660545057e-02
-7.242933310572278183e-01
4.231321305669553112e-01
-4.845258470563940656e-01
7.852101090407562767e-01
7.590259629370160743e-01
9.158227976113300084e-01
7.133541534367944248e-01
-5.435290354574926486e-01
5.675570198978880931e-01
7.147004597986268415e-01
-1.512523337723099826e-01
-7.958305090177730801e-01
2.539440001514693401e-01
-2.928186521994187719e-01
-1.146409405652614177e-01
7.601408048034236087e-01
-5.873608902651284991e-01
9.080255671676205065e-01
-6.726600143392772457e-01
-2.924472321527907259e-01
6.768722643436225761e-02
-1.956415577931656102e-01
-2.771897038485116038e-01
-7.793137381781296558e-01
8.937259154032040076e-01
-4.573169140586343384e-01
-1.000000000000000000e+00
