5.129867698416276101e-01
4.328335740852768954e-01
-1.000000000000000000e+00
1.000000000000000000e+00
-7.897178678323875101e-01
-8.293775418847670888e-01
-2.064304455229967750e-01
3.258030355987672211e-01
-1.000000000000000000e+00
-1.888935786111561044e-01
-1.248402674695885950e-01
3.907743908763595675e-01
3.745546410373632451e-01
7.351489680449508901e-01
-2.479027345072553901e-01
-8.206046380496565540e-01
-1.000000000000000000e+00
7.278300127265369124e-01
2.306951629530707426e-01
8.087132809544913536e-01
1.552815079180739355e-01
-1.703713022546121669e-01
-5.164589022525638562e-01
-4.241299982661174695e-01
-5.624761169842245057e-01
1.946679327566563922e-01
4.554819776757639271e-01
-1.000000000000000000e+00
7.011414035844256709e-01
3.363330795889788449e-01
-4.960377583845867466e-01
-9.370006176029553602e-02
-7.462830505383311053e-02
9.821588404141115558e-02
3.423572796361995518e-01
9.068699465271220506e-01
8.534824023589929198e-02
-4.003078852840929458e-01
1.695306404721767524e-01
-5.662279262346243680e-01
-5.628138407642017116e-01
-7.716170227113386959e-01
7.514115575206655739e-01
9.710408066708959840e-01
2.202021652832387155e-01
3.352070483092967068e-01
8.222368041755860890e-01
-7.661267790001881073e-01
9.296912334492088981e-01
-8.993553278755523905e-01
2.825830051827439293e-01
-8.437239113613586028e-01
-3.948774336858850154e-01
-2.524706998355839005e-01
-7.302536646915298579e-01
8.244469017652104048e-01
-9.445462734757401613e-01
-5.122243724949824273e-01
-4.231734313736258968e-01
9.307211568080137054e-01
3.055338323790575128e-01
-4.701579336567257017e-01
1.683106460232453028e-02
-4.464836745337454893e-01
8.545640968951273564e-01
-1.118840858303713492e-01
4.572681939440053633e-01
-1.180708238873781901e-01
-3.690686457806106047e-01
-1.528104164422086075e-01
-1.000000000000000000e+00
1.000000000000000000e+00
-4.434074530648143275e-01
4.649249648063257245e-01
-5.769629379480476494e-01
3.039471960017580687e-01
-4.699156518792024784e-02
-4.926067718124833572e-01
4.585007724260965478e-01
-4.385368279220922538e-01
7.393651404934704630e-01
-3.656266740076977717e-01
4.313375149063243263e-01
1.123661896706267260e-01
1.758034499337640111e-01
-8.734091693991234973e-01
-7.737640282890831944e-01
5.758478305384773233e-01
-7.777546255728651214e-01
-1.541208806972866330e-01
-8.278776310508849379e-02
3.325355820228196868e-01
-1.289362545905451407e-01
-1.206303200549008192e-02
-3.556953462918423237e-02
-8.936432392311734196e-02
6.861037518248855882e-01
1.320523113929090997e-02
4.555128828377907890e-01
-1.413274029364893769e-01
2.017021751876766356e-01
3.798027929726479623e-01
8.378171178546738318e-01
-2.530373467873291426e-01
-7.486127723171591697e-01
-6.402561615891024793e-01
-8.845876832080062924e-01
-1.134180242937645744e-01
-3.774364964942775735e-01
-5.044484697839540788e-01
-8.365935533931155854e-01
1.228192431027049641e-02
8.159134673058012766e-01
7.641096345917620658e-01
2.191173801035562474e-01
-7.239721110358704470e-01
-6.299133597905548498e-01
2.880739041402521905e-01
7.658067165826133449e-01
5.772861406962900843e-02
5.754619481641629619e-01
-8.132140017021105560e-01
-3.355183635314488710e-01
4.884732217803193777e-01
-4.017665411197247072e-01
-3.505647134616723393e-01
-9.097637055097617109e-01
1.000000000000000000e+00
-3.243062023733921106e-02
-3.540629651988282389e-01
-3.017424905855083939e-01
-2.576454663526314137e-01
3.881985558108188017e-01
2.836961797648983596e-01
-5.907864983760042765e-01
-9.350022948210907625e-01
6.818266252925714310e-01
-2.075076767015426316e-01
3.086553006823165579e-01
-1.000000000000000000e+00
1.000000000000000000e+00
-8.752040478419234049e-01
4.115131920785912167e-01
-3.003847292549829961e-01
1.288864015838150356e-01
-7.254942462774364165e-01
-1.000000000000000000e+00
3.948650273148454071e-01
-9.655435407448174079e-01
-9.967151642231505404e-01
-1.228307965147386327e-01
-1.474181389801099695e-01
2.337548696748274479e-01
-1.281653244770250000e-01
5.614710354595314756e-01
-5.746166203354582391e-01
1.000000000000000000e+00
5.133446857167993649e-01
-1.000000000000000000e+00
-5.904383644283883736e-01
-7.970176649848176309e-01
4.818870156810473038e-02
6.418309628395304500e-01
-3.065832502151923933e-01
7.943202191402175538e-01
-8.117455251039613628e-01
4.056213702391998632e-01
4.346441755249672578e-01
8.293514145589986342e-01
-9.714146244575968536e-01
1.000000000000000000e+00
-3.361386758013775178e-01
-9.198721435927247336e-01
2.433984334722531506e-01
2.048698317753234188e-01
-1.000000000000000000e+00
6.452210974503767016e-01
6.745440739099293204e-01
-2.236893501467745737e-01
5.130177717805406434e-01
8.982525157064152888e-01
1.000000000000000000e+00
-5.805236978836112449e-01
-1.000000000000000000e+00
9.579142776949428617e-01
6.578523513879606099e-01
-6.358801119259056556e-01
-9.757570904572359094e-01
5.420716932108986530e-01
-1.570280203815195841e-01
7.530615541462325480e-01
-2.185413013098563145e-02
1.000000000000000000e+00
3.519722294615882374e-01
-6.682631231714184494e-01
-1.000000000000000000e+00
-2.960486643553956188e-01
-5.645700183670750993e-01
-3.106789098790302406e-01
-3.663877798244562223e-02
1.000000000000000000e+00
-4.529594959449403380e-01
-9.181215737731143189e-01
-8.522695530140186326e-01
4.631347976469226690e-01
-2.296075878286320537e-01
4.538956957570289275e-02
-8.105141467390375443e-01
4.069962862711278273e-01
5.321440719435599487e-01
1.527496157048627567e-01
-4.819545682275668264e-01
-8.212441771321327133e-02
-1.803149051809689318e-01
-3.975841477313440953e-01
-2.969764648592781442e-01
2.771708642992616878e-01
8.954973093685543173e-01
1.000000000000000000e+00
3.221361322084724810e-01
-9.746722420060260905e-01
5.284516876800149365e-01
1.000000000000000000e+00
6.789398116788334381e-01
-1.000000000000000000e+00
-6.265639231303572476e-01
-2.254415889112354465e-02
5.300277495965896035e-01
1.000000000000000000e+00
4.721561895215280469e-01
-7.808868356044400549e-01
-1.000000000000000000e+00
9.063002786891625195e-01
3.458487337014311547e-01
-4.874798821544414074e-02
-1.000000000000000000e+00
-5.244325682700553548e-01
9.959281483187911732e-01
9.333541794054392993e-01
5.047632430157872330e-01
-4.383576397493941790e-01
-7.132192027883470509e-01
1.779230539354328400e-01
5.799722240761362446e-01
1.359999372585676269e-01
-1.000000000000000000e+00
-8.103461070056111604e-01
-4.758084555835870866e-01
4.144421646664360193e-01
-1.595719764799012896e-01
1.000000000000000000e+00
7.034912111504343368e-01
1.364419326888611783e-01
-9.246539188609893545e-01
5.917623684448095611e-01
-7.430110493832766672e-01
-1.222693174239642688e-01
7.134256063278063831e-01
4.840005996192704441e-01
-6.435725905347633446e-01
-6.723814918138197871e-01
4.053453411676048446e-01
1.815818819173740661e-01
2.218974388474536930e-01
-3.119327408904651322e-01
