-8.930911399925474392e-02
-1.911326423280564346e-01
5.482593940258413401e-01
-7.012978535664816659e-01
2.170823175779365288e-01
4.790112824611322262e-01
-2.873630917251902561e-01
4.979120656129892852e-02
3.091882189311281892e-01
-4.156281583113743405e-01
-3.270728866050769956e-01
7.684623265620417198e-01
-7.535545490827377790e-01
-6.000058668205685564e-01
-8.776696305267805975e-01
-2.473522318045128232e-01
1.000000000000000000e+00
-7.216070948261499307e-01
-1.166798427619961664e-01
9.439052886870269443e-01
6.738852635428248528e-01
-1.808976139323645316e-02
9.779980989727428131e-01
-1.251084247390323867e-01
-6.954456139518012669e-01
-1.000000000000000000e+00
2.966537530959125202e-01
-9.413523163357433443e-01
8.181353179025512290e-01
-2.908968473456535753e-03
-5.040662460626840202e-01
-9.062186657737840711e-01
-4.881184593870003807e-01
4.056302666330582340e-01
-2.739088941948529254e-01
-1.000000000000000000e+00
-3.256770256511286599e-01
-6.930163701901550510e-01
5.072648349529323974e-01
-5.383063625820095899e-01
-4.172402013290232858e-01
-8.298458237540762283e-01
-3.794006096159064922e-01
-9.707128882448894380e-01
-4.346997179483071405e-01
2.834566569218442966e-01
3.938643311493216226e-01
7.404916883337500089e-01
-6.842334464190141796e-01
-1.271731264618789492e-01
8.434048257680644145e-01
-5.052674054804198178e-01
5.600257305911623962e-02
-1.000000000000000000e+00
5.473920568317810487e-01
-1.000000000000000000e+00
1.000000000000000000e+00
3.046643895028077753e-01
4.914964232926851695e-01
2.982054185761557896e-01
-9.915072918423114556e-01
-2.949610207972078735e-01
-4.961457347713561505e-01
-3.925127430064046519e-01
4.708954086398651206e-01
-5.948700872140411100e-01
6.257438843764080438e-01
-1.093447477070055573e-01
8.149702435544520229e-01
-7.759505835294523424e-01
5.225519475106443767e-01
-4.988629013565932246e-01
-4.106238376878642571e-01
-1.701480782444144135e-01
1.166663226996871722e-01
6.772378889073816799e-01
4.128955187482653555e-01
-3.595933020858040896e-01
5.735733569348931971e-01
6.336362556190107131e-01
3.009467646242284244e-01
-8.819021875654675657e-01
-2.490051473370709090e-01
3.756541787341549088e-01
-4.510150802781000001e-01
-9.834433207736645866e-01
1.443551566703177857e-01
3.396576919610298506e-01
6.493922405287286814e-01
5.648846500077695509e-01
6.874811471764448179e-01
-8.794404429260967992e-01
-2.037373024299496405e-01
9.014311759730810891e-01
-4.130866128029239137e-01
-1.093437703155255014e-01
-5.966548038675045795e-01
3.041472589667079673e-01
1.522387316309807281e-01
4.352604225950361672e-01
4.727864544272378788e-01
9.530148661660394760e-01
-2.546063364369331450e-01
1.033188982269792056e-02
1.000000000000000000e+00
-4.428425362427618195e-02
-7.880697283785779161e-01
6.801600797662505915e-01
-2.914899379228770293e-01
-8.591953524671598341e-01
6.355944723803489405e-01
6.210258715272736207e-01
-2.301785954465192241e-02
-6.081470283546185351e-01
-3.563406800587464729e-01
-3.859378433853796753e-01
-4.568416343839852845e-01
-4.476443761453134940e-01
6.032822666971052739e-01
8.447879259919695016e-01
-3.039088188840591842e-01
5.091092071766519789e-01
-4.804628033493881789e-01
-2.793471964036533528e-01
1.433532663193374246e-01
1.113643351365759815e-01
-3.615518000391004239e-01
8.365486804672235266e-01
4.765800257228085535e-01
-8.673644873578214565e-01
4.410638338505625811e-01
3.032508064309386020e-01
-9.947629639121640110e-01
-3.108989569996294389e-01
9.737495246053078368e-01
5.047771765397804922e-01
4.873467882840295529e-01
-9.057929192773519489e-01
9.832139842746017155e-01
1.715430666462454401e-01
4.187120805969796189e-02
4.343728369290894009e-01
5.636030132141430782e-01
5.432575053409159915e-01
-3.054559337871746716e-01
8.105405278174409034e-01
6.754749009617035949e-01
-4.811118129017911693e-01
-9.817945327913186748e-01
2.014251989341697135e-01
-2.093882066331432812e-01
-6.774646505702761612e-01
3.935789900073516923e-01
-7.048702990817252712e-01
-4.821548947452067857e-01
6.789773922102027015e-01
-5.403523523397577577e-01
-8.086504423267530939e-01
-9.449793910873183211e-01
5.365142302807405228e-01
7.092534187728223305e-01
7.247476500896045115e-01
-4.566532362470081541e-01
-9.542307301404246989e-01
2.040838029811185006e-01
8.984448798449211626e-01
4.411174790216791375e-01
1.229617964909839323e-01
-7.745080408029255681e-01
8.205798715352832229e-01
-5.225637763827569726e-01
-1.000000000000000000e+00
1.000000000000000000e+00
2.491928990470507754e-01
1.853039938180617296e-03
3.218613638137114430e-01
4.882997824950208732e-01
-3.984223029956551754e-01
-3.185962507957165735e-01
8.928168789958150775e-01
-2.235243568992289209e-01
3.541149428749769401e-02
4.841514171016483153e-02
-5.122797536482434078e-01
-9.428828066730486901e-01
-5.430040846040290470e-02
-1.000000000000000000e+00
-4.470252596171144788e-01
9.714366821798481322e-01
1.000000000000000000e+00
8.789462456472804108e-01
-3.355556313023621007e-01
-4.804533779756072764e-01
7.532468669125977900e-01
9.884007516419707207e-01
5.813385809154690831e-01
9.645892398154659597e-01
-3.034062549371865924e-02
-7.067410572286878523e-01
-2.665714332403873454e-01
7.404284460545306201e-01
5.430350776071979357e-01
-9.322280721189967201e-01
-7.042494525341940204e-01
-7.772612543283172748e-01
-5.265833295900055333e-01
1.035740080832588533e-01
-4.978286668265336501e-01
-7.674201333369287115e-01
-6.466833909292791782e-01
-1.190036008141644591e-01
-1.000000000000000000e+00
-1.000000000000000000e+00
2.111998492783517811e-01
-6.132038420174137361e-01
-1.000000000000000000e+00
2.491547191653653570e-02
7.137989412082561547e-01
4.767060417661146965e-01
-3.382957152848847793e-01
2.131058898406904545e-01
-1.000000000000000000e+00
1.454637434564077236e-01
-9.399484649560361227e-01
1.000000000000000000e+00
-8.455230675797630324e-01
-9.595475044364142336e-01
4.817648886018667254e-01
-9.165101642186681552e-01
-9.389346937607692123e-01
-4.209969987033000960e-01
-6.465934547281906308e-01
-5.685524889912022539e-01
3.762501432975585702e-01
1.000000000000000000e+00
9.973451433690945223e-01
-1.000000000000000000e+00
9.381683511772398454e-01
2.519726352423398708e-01
-1.339549755804469444e-01
6.216326214196286060e-01
-4.131742161269220670e-01
-1.900157530360217784e-01
9.157972898005445339e-02
9.845342497632003642e-01
-1.735292931340514377e-01
6.778646367532109585e-02
-6.039152297154980475e-01
6.993739109238792384e-01
6.159540256045221707e-01
-2.928502928779336267e-01
-4.642547603827930636e-01
7.177246940746618842e-01
-8.777152419935226879e-01
5.799852795824420593e-01
3.409954307876087581e-02
7.716490834645741703e-01
8.129319496560740710e-01
5.789278006723067027e-02
9.911950753050458029e-03
-1.000000000000000000e+00
3.390353525267409962e-01
1.500224634949904323e-01
8.983914052555693752e-01
6.896549849290217749e-02
