4.863370675102707263e-01
5.405774778947479708e-01
2.777654144622272447e-01
6.560017448338897328e-01
8.283495696676443920e-01
-5.728991864302838272e-02
2.968575722572672215e-02
8.223479219149755493e-02
-5.969795487153666258e-01
2.778654360783940902e-01
7.812044789151266488e-02
-2.821345523926316323e-02
-7.225026959659133774e-02
-9.637291911264560529e-01
3.825121123800954148e-01
-5.327999887864764972e-01
-5.271922178675961801e-01
-4.880350739412137040e-01
1.634046625626388027e-01
-1.289514627800417146e-01
6.035609704406963427e-02
7.217194215102119559e-01
-6.514667371901697868e-01
-4.014554868359626050e-01
-5.060880758736785445e-01
2.516395075009041360e-01
-2.990605392142791641e-01
1.500455567589662198e-01
-9.665767248179999438e-01
3.092747925843613022e-01
3.772223622257238618e-01
4.348909562936714712e-01
6.165689457918104299e-01
-2.124403638711436226e-02
-5.341159754593477471e-02
-9.674477653526730725e-02
-4.880083656083496479e-01
4.095822492685824434e-01
1.000000000000000000e+00
-3.382534440086965022e-01
4.232898176541798341e-01
-9.316857281726347306e-01
-8.788241982352724690e-01
1.000000000000000000e+00
2.489745622763447352e-01
6.639676729756080475e-02
-1.000000000000000000e+00
6.176426441899285358e-01
3.428576796243000824e-01
-2.761774432501478138e-01
1.034079507434357836e-01
5.910961378411898615e-01
-3.160800573934262059e-01
-3.719593247148557658e-01
-1.000000000000000000e+00
-1.901398912004778063e-01
-6.605444921511440803e-01
5.908581946070043944e-01
-1.000000000000000000e+00
-1.906226836858219420e-01
-5.240652711852905599e-01
-5.435022459283767038e-01
-6.943676152805996482e-01
-1.126295001652270478e-01
-9.292700322338047769e-01
7.508057504760553558e-01
-8.332606531937130079e-01
-9.005385462412800468e-01
-5.068896906951103620e-01
-1.000000000000000000e+00
7.930269665373326227e-01
-4.256049654944915051e-01
5.225771143560317133e-01
4.497360504387105246e-02
-3.608466262995629892e-01
6.021110245681574602e-01
-3.445451585976435638e-01
1.184039354277000022e-02
-4.971112617550236257e-01
6.029634262841157000e-01
1.817985312199236481e-01
8.518602539372430171e-02
4.259333569694959132e-01
-9.602992149720301907e-01
-9.864782072835903692e-01
9.335185099351452076e-02
1.000000000000000000e+00
7.047666536385006619e-01
7.870249201853810050e-02
-3.886194538034923318e-02
4.215779542014137515e-01
-3.661555034952247989e-01
-1.000000000000000000e+00
2.220187507193136789e-01
1.722351498344562581e-01
-3.212659908923879565e-02
3.040880111781517625e-01
2.162281355017580675e-01
6.231253290552118962e-01
2.827764186867498530e-01
1.357647492850025395e-02
-7.182456690136012067e-01
8.728039403832865695e-01
2.372359794121623733e-01
-7.262100562890659861e-01
-4.395221268654851965e-01
4.700239968803058416e-02
9.631616574866430636e-01
1.664879408044354081e-01
-7.745342289778718303e-01
4.248196737657211064e-01
1.168238198719660503e-01
-1.000000000000000000e+00
-4.890472213956794656e-01
-2.249417331309868373e-01
-9.428931735147467741e-01
5.061532482009465372e-01
1.341023105239912139e-01
4.631437330864535684e-01
4.749758474035671862e-01
5.054263284340896334e-01
-3.439632321797336800e-01
3.077781244172244079e-01
4.393954762370090861e-01
5.076919910516339285e-02
7.036539500545864190e-01
1.000000000000000000e+00
-9.468075803505551225e-01
-4.599559822285725907e-01
7.829659333363340190e-01
7.646718616733046980e-01
9.867280535324128854e-01
5.664849310341400074e-02
-1.784477087636091586e-01
4.292522069652514594e-01
-2.800713342231122560e-01
7.803862283582319037e-01
-3.872734518775909351e-01
1.675790312775497504e-01
-1.000000000000000000e+00
3.060625383660758314e-01
-9.579332201225243537e-01
-4.206540747156179982e-01
-9.573139951600265762e-01
4.753762376640210396e-01
5.861139823770127322e-01
6.006248610612638372e-02
3.750843165448319860e-01
-1.000000000000000000e+00
1.191927995526841366e-01
4.425793746715726007e-01
6.628624090165208260e-01
1.015974127262024018e-01
-4.814427737499921145e-01
1.000000000000000000e+00
-9.124770405552508068e-01
6.029880870406799653e-01
8.871909821764933923e-01
-9.340884665287839672e-01
-1.000000000000000000e+00
-4.384084179377418233e-01
1.000000000000000000e+00
-3.684236610289087777e-02
-3.358115831844554755e-02
1.000000000000000000e+00
-8.376777946181710455e-01
1.000000000000000000e+00
1.241668294270250050e-01
-3.245536600294115503e-01
-4.747114679681558869e-01
1.000000000000000000e+00
-1.785980965165071543e-01
-4.801473514202493353e-01
1.145887849927509916e-01
1.209602997400294894e-01
8.053978884254394677e-01
7.561372792159930523e-01
1.000000000000000000e+00
-8.612938237350671322e-01
5.685059667759689850e-01
-3.176311335466099894e-01
6.596552376848419108e-01
6.019542166639719749e-01
5.831611595194056141e-01
-6.491373710565254695e-01
7.345768100690168723e-01
1.000000000000000000e+00
-1.000000000000000000e+00
4.962427627096014371e-01
-7.611831678670600843e-01
-8.290153856491999651e-01
-1.000000000000000000e+00
6.847905477241837957e-01
8.388565878470819470e-01
-1.901730730963497873e-01
-1.304859422700941352e-01
-1.784766939128797913e-01
-4.391207548899485058e-01
-7.236413078898726869e-01
1.032803369121380599e-01
-6.618843358051976766e-01
1.000000000000000000e+00
1.145961476739160989e-01
-6.148609263577022865e-01
8.678133590930755537e-01
-1.000000000000000000e+00
8.164898025935360959e-01
-2.273757224506269270e-01
-1.122703597967620315e-01
4.811403984983374515e-01
-1.000000000000000000e+00
-2.088899062400365048e-01
8.617674510531125875e-01
-1.164595647460808098e-01
1.000000000000000000e+00
-8.401075808974106662e-01
-2.520077045004093241e-02
-8.626867924064259840e-01
4.895748589363557723e-01
-7.189517482859661968e-01
-1.000000000000000000e+00
1.742464937537014369e-01
9.936500164707957605e-01
7.516780061637602373e-01
2.900854313453763433e-01
-1.000000000000000000e+00
-9.432475535971811542e-01
7.063848006797394108e-01
1.800080186196034437e-01
7.831371866885002975e-01
5.511087588427228123e-01
5.830306308415960093e-01
8.225918048110137937e-01
-1.521331025009512450e-01
-3.759934280418306130e-01
1.095741703825924007e-01
-9.786860928765613865e-01
-8.251813298987532574e-01
4.768861647031511497e-01
-2.988705239751904830e-01
7.927118042633378714e-01
1.085077387790238101e-01
9.989915199472800822e-01
-8.711891474724334783e-01
1.000000000000000000e+00
-5.759007162347152819e-01
1.000000000000000000e+00
-8.305044421336205129e-02
4.716260251355431921e-01
7.569046380506918581e-01
2.075759521478900416e-01
-1.092894514924551697e-01
-3.774547997593825643e-01
-3.420529847262143153e-01
-1.991958984707980218e-01
9.460303032604071571e-01
4.947163863925335692e-01
-7.952051017072130357e-01
-4.522767992157356032e-01
9.864227730082827383e-01
1.000000000000000000e+00
-7.409245440492934209e-01
-1.924168560135847972e-01
1.525917829690259520e-01
7.885024913152031967e-02
