2.977651353246247301e-01
-6.472679791777449232e-01
8.960025970657448102e-01
6.596926798809025216e-01
1.522088443608148045e-02
2.048321863809360044e-01
-9.524181908410771502e-01
-4.185840923675340775e-02
2.710008933696430589e-01
5.053561311861503036e-01
1.523471011420377552e-01
-9.417253141255067517e-01
1.000000000000000000e+00
1.431781066890457088e-01
-4.527957022974195000e-01
1.000000000000000000e+00
-1.659532869853233006e-01
9.980139610971094921e-02
1.000000000000000000e+00
8.298286850123396396e-01
-8.263696954959549590e-01
4.659095174283684471e-01
-5.211638913829060860e-01
-8.441524435230466361e-01
-4.520423855112623013e-01
-7.140019671766500986e-01
9.424656939924133114e-01
6.582923254105178534e-01
-3.357099806668899511e-01
-9.539027645014231949e-01
3.731199695154728824e-01
1.564725261391854416e-01
1.000000000000000000e+00
3.876703228138331236e-01
-8.614689023790798039e-01
-1.628992747718459033e-01
5.201602013951618364e-01
-4.202100924737910415e-01
1.000000000000000000e+00
-4.421854140144103607e-01
-1.998187791063340546e-01
-8.095556273395793090e-02
1.889176555500495791e-01
-3.348569101132256587e-01
1.000000000000000000e+00
-1.000000000000000000e+00
-1.717891735145213039e-01
-8.609414387602846996e-02
-3.950694799789473688e-01
1.000000000000000000e+00
-5.374831958752812611e-01
-8.358963183799303365e-02
-1.425156074210747192e-01
1.674036592859918793e-01
4.044706967861805280e-01
1.699655346063668193e-01
-6.785038818220681112e-01
9.438469689163452303e-01
-7.985664696984828836e-01
4.771760933590289966e-01
-8.206620467471391622e-01
8.541182203240731408e-01
1.000000000000000000e+00
-9.093147028115992070e-01
-1.927310378135284885e-01
-1.000000000000000000e+00
-2.256894882351911935e-01
7.629899650642971709e-01
2.378881799308470157e-02
-3.138006679576803570e-01
-1.000000000000000000e+00
-3.958276355833387772e-01
-7.794339365247953122e-01
-8.234415861852770746e-01
7.808640356439614516e-01
-3.357463282619674305e-01
9.095422982309343540e-01
-3.759372777622539408e-01
-1.000000000000000000e+00
7.780799167078972234e-01
8.708068172670042628e-01
-2.270706373397997635e-01
1.100547296697767519e-01
-4.423277937815848770e-01
1.653611938422268612e-01
8.630542292636509405e-01
-2.124906470865688402e-01
-1.000000000000000000e+00
-4.245743252465286055e-01
2.851159573462680452e-01
-7.665682637099712204e-01
-9.064608489622894005e-01
-7.803391923137794617e-01
-1.594797672205443551e-01
-7.162150557699850095e-01
7.311529299137013993e-01
-6.028343169693654024e-01
7.434001869700398446e-01
-5.445191729687830495e-01
7.547360884657026148e-01
-3.344570701835010706e-01
1.153992449279947902e-01
1.721644243457387258e-01
2.343516489019367155e-01
-8.711408684272513581e-01
6.659719675228982227e-01
4.120990947144503869e-01
5.376696116456122221e-01
1.050481586939167461e-01
-7.811118775412319026e-01
-1.000000000000000000e+00
1.000000000000000000e+00
1.000000000000000000e+00
3.627916130792642191e-01
-2.158724226495529752e-01
-7.480408009169960959e-01
8.212275043637686789e-01
2.137560523538862278e-01
3.491754589871313152e-01
1.000000000000000000e+00
-9.028679917850661596e-01
-7.512018393219223045e-01
-2.685059007638386230e-01
5.840924826748979948e-01
-6.820236848531515683e-01
-1.000000000000000000e+00
-4.018509457607389868e-01
1.000000000000000000e+00
-1.960713572015282125e-01
-3.290453532749914034e-01
-8.115343584469798532e-01
-2.975297269825451507e-01
-7.663930283456594772e-01
1.504971525910943353e-01
1.381848316068957916e-01
-8.525174414934061362e-01
2.327557546425530477e-01
-1.000000000000000000e+00
1.360555181292268379e-01
6.087780351631558728e-01
2.770507669125468753e-01
1.000000000000000000e+00
7.325101918704193249e-01
-8.386095086095719520e-01
-2.004085190817795625e-01
9.108718919675766745e-01
1.000000000000000000e+00
-1.337662214948874551e-03
-4.767169012670771644e-01
4.410913360601458333e-01
1.529069239894387255e-01
-7.716004512137822902e-01
-1.000000000000000000e+00
-9.875232181784773244e-01
2.625313232877736214e-01
3.898960050778746966e-01
2.768744016191894142e-01
9.855955391959113632e-01
5.962479830082202392e-01
1.000000000000000000e+00
1.000000000000000000e+00
-9.558282224927489024e-01
4.431133964281281923e-01
-1.000000000000000000e+00
4.588025164085837715e-01
-1.249193102144341427e-01
-7.700138888763897738e-01
9.294702011456179580e-01
1.532620833735165167e-01
3.652474694969664037e-01
7.202306981762146565e-01
-6.967424693235018118e-01
-6.750201546754339699e-01
3.140131563589941832e-01
5.443683525757150310e-01
-3.758042467974335721e-01
-5.747009347124701906e-01
7.412337532700563614e-01
-2.774607852357092175e-01
-1.000000000000000000e+00
8.000534055671721934e-01
-7.357592328627950984e-01
1.000000000000000000e+00
-5.206421412659838488e-01
8.415946230356093904e-01
-7.497382267196207595e-01
1.000000000000000000e+00
1.870956745302335827e-02
-7.180192644536532720e-01
1.000000000000000000e+00
-5.135605876150278748e-01
1.000000000000000000e+00
2.898954361471623997e-01
-2.018592998026332852e-01
-6.500396228000523413e-01
-5.518191679644822711e-01
8.516145225217719439e-02
2.145484399517921248e-01
-7.388562747411642206e-01
6.547669103908870802e-01
7.078106567944998373e-01
-4.974395139288309009e-01
-4.202676400506783483e-01
5.738923309303566311e-01
-3.971055693123761721e-01
-8.459699580976227651e-01
2.515252561874202208e-01
-3.566129512391629230e-01
8.076793975197521513e-02
5.978795836777708317e-01
1.000000000000000000e+00
-6.260477700090160136e-01
-4.271666137785289363e-01
1.960839561642710449e-02
-1.000000000000000000e+00
-8.606389149661801685e-01
9.780242157423340021e-01
5.301308883920428927e-02
4.981820738550098437e-01
-6.056057760832339598e-01
-8.695453651139986029e-01
1.000000000000000000e+00
1.000000000000000000e+00
-5.839788494381442652e-02
-4.563810777703433130e-01
-3.991842633924368444e-01
3.781049345593015532e-01
-4.337794552606071274e-01
-1.706132296873878462e-01
-1.364812123194574789e-01
-2.545843292811119096e-01
6.093249780637270963e-01
-3.952227303027082139e-01
2.290557820868952543e-01
8.325471054981825603e-04
4.183320125593765759e-01
-2.630341602698479386e-01
8.621854271024027572e-01
8.109730276878464317e-02
-8.061453057382056420e-02
3.081284187822213028e-01
-4.435756153656853495e-01
1.000000000000000000e+00
9.709530248095484817e-01
1.972417928878672233e-01
3.510460676577485950e-01
8.344311286474241918e-01
-8.417035685955881474e-01
-7.849357452691875237e-01
-5.032589901852910774e-01
-1.000000000000000000e+00
1.834322417709959852e-01
3.764586190614218064e-01
9.499756061163375231e-02
7.584995786254118411e-01
-6.752836545827245462e-01
-5.024546181110816079e-01
-5.931174302287608446e-01
8.268808615811584772e-01
-4.984005203225502223e-01
-1.000000000000000000e+00
8.042907733072017784e-01
-4.915372456504782384e-02
6.243426275969825578e-01
-6.337706749695931618e-01
