-1.754912002670691862e-01
-7.822552382407595983e-01
-4.036354249653626436e-01
7.949901853788404749e-01
-5.977891373225735494e-01
-9.860770962758181879e-01
-3.071681687309456565e-01
-2.424071836904855282e-01
6.251487390844326919e-01
6.441913112374577643e-01
2.589065947255442257e-01
1.000000000000000000e+00
3.065390693983437997e-01
9.440362384838890675e-01
-3.370010739287200296e-01
1.866181160250812709e-02
3.081176157492263590e-01
9.018044767642119375e-01
-7.322505415761458858e-01
1.223660164769622416e-01
-8.386879219889962211e-01
-2.402607635168942934e-01
-2.504357696029441138e-01
-1.605709536756383948e-01
4.752746886303236828e-01
-9.183272154975854473e-01
4.352387538976185133e-01
2.573720359679042002e-01
-9.259654820796662245e-01
-1.000000000000000000e+00
-7.384546248407459768e-01
-6.927027384514610198e-01
-3.873997001435258158e-01
-9.063857029867808945e-01
1.749495695149309304e-01
6.113357115530035912e-01
9.548237314149132793e-01
1.383326541529441012e-01
-8.657957915481948596e-01
-8.635249444924461004e-01
8.538478306439962751e-01
-1.916314570366250691e-01
1.458386573399347297e-01
2.752335086151910248e-01
8.675510601272770073e-01
4.635793986425321145e-01
-3.237255847673436993e-02
-8.413926361752238625e-01
-6.001679483328303810e-03
2.347615150955517371e-01
7.649680897273124502e-01
5.078483875517574297e-01
-6.578572322891325097e-01
1.406404139758594962e-01
7.243684935620824383e-01
8.212529293566364075e-01
5.324736911386213079e-03
9.348390818203683450e-03
7.839841357495783702e-01
9.508662725686173323e-02
2.930897278844112885e-01
-4.156777713099794602e-01
5.212054380789372665e-01
2.877077708568698267e-01
1.213318967491801431e-01
-1.000000000000000000e+00
-1.000000000000000000e+00
-2.772371607851759068e-01
-6.183359321827184285e-01
1.000000000000000000e+00
8.577147202974527707e-01
6.938672127041660698e-01
9.528304321819370815e-01
-4.494579935620078848e-01
-8.718706888313982883e-01
-2.775438289672844672e-01
-5.980875285391088481e-01
-5.026546174347445300e-02
8.168399262062644439e-01
-3.476563321658625028e-01
-1.200923373458216981e-01
-3.046045926620589706e-01
-1.000000000000000000e+00
1.000000000000000000e+00
-1.168989904869575103e-01
-5.573490247380874507e-01
-9.803726268632099172e-01
-4.915251659514821014e-01
3.022229138942204019e-01
-8.660570748383245032e-01
-1.000000000000000000e+00
6.504769628454916131e-01
-2.300235221546517161e-01
4.486254572728043399e-02
3.950677542556311206e-01
-1.395705566774427808e-01
5.580845467910376945e-01
3.659182113051165364e-01
-1.456388845456179915e-01
-1.885223221203471411e-01
7.834681903255782398e-01
3.373780937592030238e-01
2.133889832982009682e-01
6.958497873805415956e-01
1.988269378251684150e-01
9.022820904211096282e-01
-6.540197556278728452e-01
9.491915403275831276e-01
3.062107097943188583e-01
-6.179163363192119451e-01
5.196223851639955038e-01
4.323378206329031581e-01
-3.508263524777391340e-01
1.670455850629377348e-01
-4.995959658597759478e-02
-7.071010407179770807e-01
-2.163589162218142736e-01
3.203676039850908430e-01
8.832850095541011637e-01
-6.789372324526954383e-01
-1.000000000000000000e+00
-7.853835381567811913e-01
-8.584589314943494864e-01
-6.299908751903087190e-01
-9.210717872517037996e-02
1.000000000000000000e+00
-4.788112313605858983e-01
2.235884007176675847e-01
7.953020880146183247e-01
-4.050664372890667719e-01
-7.934177784562232993e-01
-7.488243972287940142e-01
4.664024710025638232e-01
5.643095669143911586e-01
-1.186337264415831816e-01
1.073596385687686644e-01
9.211908676934911222e-01
-1.653373914171454295e-01
-4.452734998528008470e-01
4.320958821390269988e-01
9.757794698977355630e-01
6.524100891730544305e-02
8.648535409380251338e-01
-1.000000000000000000e+00
-1.000000000000000000e+00
-5.432557121381608178e-01
3.935148728874192647e-01
-7.976223967174052021e-01
-4.979585735220199982e-01
-2.858568001681377480e-01
5.693626161167812949e-01
-1.096455161464205130e-01
1.531177909200363285e-01
-9.435280470569684663e-02
-1.271199549509045845e-01
-8.433658383797509872e-01
2.747167223382308565e-01
-2.708093034726831161e-01
-7.018455462758060870e-01
1.291290008930981170e-01
4.943872921693436701e-02
3.267238678920763584e-01
-5.287894693620518449e-01
2.432190272578576007e-01
8.182618829123925464e-01
9.745667457161173441e-01
-6.962043243844757701e-01
-9.553448478890989026e-01
-2.144622433201534561e-02
-6.193447687981847860e-01
-8.583595000930771546e-01
1.000000000000000000e+00
8.735179122732454893e-01
-9.951988693736913971e-01
-1.390417799855380721e-01
2.990541335679908763e-01
1.000000000000000000e+00
4.629341536481590968e-01
-1.336892572637985999e-01
-1.313570912737274943e-01
8.344407447776774900e-01
-7.317901407957384530e-01
9.881028851357800402e-01
-5.655122269366534837e-01
3.491327559675348469e-01
7.397229945677580298e-01
-3.725598285430027634e-02
2.311920946065870452e-01
2.695579480371158576e-01
5.322471930529593109e-01
4.018212856169146585e-01
-8.016828377583240517e-01
-2.649038677868940650e-01
-5.016515606333954436e-01
4.106674679224972535e-01
-4.290690974024491400e-01
-8.047986394172232938e-01
-5.554382053352748816e-01
2.192042035243294551e-01
-1.885133669013124014e-01
3.699232196123088956e-01
-1.297980452903519100e-01
8.480542102064826671e-02
-1.181976738010863115e-01
1.000000000000000000e+00
-5.730644014500663186e-01
-8.455534731330074383e-01
-9.629695241906816028e-01
-7.450594991686814161e-01
1.000000000000000000e+00
-9.467762864746982476e-01
8.516209060635263617e-01
-9.862317987375398554e-01
5.375418026576004316e-01
7.887830882285485901e-01
-1.128201069846700433e-01
6.088478298229990093e-01
-6.856842558710786184e-01
8.402987077836800989e-01
9.373132551724319139e-01
4.119705365360054050e-01
7.776744908329502604e-02
-3.949187013307288718e-01
1.265194859773322023e-02
9.743569715997633107e-01
1.808057963471890184e-01
-4.015450852837693652e-01
-7.366014024130805860e-01
1.744637862681596152e-01
-1.000000000000000000e+00
-1.000000000000000000e+00
7.282512130120406546e-01
-3.181013059054990655e-01
-2.225360299673388442e-01
6.452414592049198205e-01
-7.857176201336723009e-01
7.009679599954381501e-01
4.085327877433587718e-01
-1.352911222534445845e-01
1.000000000000000000e+00
9.203241079271698988e-01
-1.000000000000000000e+00
-6.079417063432421831e-01
-7.824878617521511259e-01
9.042967648878376119e-01
-1.000000000000000000e+00
-1.265156386526233856e-02
-2.365352809155063518e-01
7.042724335320346141e-01
-2.817339795613900688e-01
-1.000000000000000000e+00
8.143944458898488836e-01
-7.548633229428987068e-01
7.508974037674263080e-01
-3.485834332257804480e-01
5.372452293855900507e-01
5.916769529366655567e-01
-9.564895269162361213e-01
2.571218178508214436e-01
4.412555891087855398e-01
2.476921684437852766e-01
5.945949903121934277e-01
-8.868561102190110068e-01
8.440560403977058757e-01
-3.365258033134882476e-01
