-4.731144633090930141e-01
-1.249763609386393970e-01
-1.393294310525995394e-01
1.938607542252487881e-01
-9.524522557348372165e-02
-6.904024644143692546e-01
4.196980521026294486e-01
8.122049543315343900e-01
-6.432111263843462989e-01
1.000000000000000000e+00
7.787126886558543015e-01
3.937681254088326588e-01
8.292153282351334420e-01
3.705975799921644165e-01
3.722243877081047314e-01
6.089862954996250188e-01
7.681681963888081777e-02
-9.469455554131479547e-01
-1.000000000000000000e+00
1.000000000000000000e+00
1.184359763128489118e-01
5.258154038668618746e-01
9.963233609524723144e-01
5.570256602035475457e-02
1.691232745580512897e-01
-9.044698457591482388e-01
3.288131148257381620e-01
-8.951885733035425119e-01
2.795195394877508788e-01
6.605656728954704959e-02
5.632407654023082744e-01
3.449333282678359591e-01
4.605060989695483609e-02
7.067334352948542175e-01
1.831537088872335628e-01
-2.859065602225130953e-01
9.997019852569478671e-01
-1.000000000000000000e+00
6.832753844541322730e-01
-6.526105283073933006e-01
6.959151299866676021e-01
1.000000000000000000e+00
-9.268571420551762197e-01
-5.603956360371141754e-01
9.604535759928087835e-01
1.490351132341727336e-01
-5.526726341752346006e-01
5.728821859503197000e-01
1.000000000000000000e+00
-7.723965758588632324e-01
8.574105794338788833e-01
9.064731308374029961e-01
-1.880046878890856421e-02
1.835294307183511220e-01
-8.599631336213076419e-03
-3.852296848819301567e-01
1.921690109654870249e-01
1.592878056196435632e-01
-4.799553638675141398e-01
1.575388147860473098e-01
-5.509481987144764226e-01
-7.972542429075676340e-01
-1.355812364080571930e-01
6.284547732269445408e-01
-6.868180022026186826e-01
8.648286802658959882e-01
3.540596818290066006e-01
-8.643077519070024861e-01
-1.082411678295558399e-01
-4.167827244680281651e-01
5.939418852035871499e-01
3.749810067315431650e-01
-1.987693522461504991e-01
3.560760522529727856e-01
6.239875604500382256e-01
-1.000000000000000000e+00
7.753800969184667657e-01
-6.150012080966958949e-01
4.503327899042035565e-01
-8.545551730708139671e-01
8.555512219039548283e-01
1.330176212692481541e-01
-1.000000000000000000e+00
-6.150221603120187286e-01
-7.654079672770681686e-01
-1.000000000000000000e+00
-6.288420441423746565e-01
8.120689431583032469e-01
-6.981200490206874720e-01
-9.281526735101557068e-02
1.000000000000000000e+00
6.127670173913838392e-01
-9.787659853460570214e-02
1.464668480284049557e-02
-3.750968283529056979e-01
-2.777942696745007156e-01
-1.929202463165659298e-01
6.108697988491456066e-01
-8.855540331986485603e-01
2.785276832587881279e-01
-5.448839464610749639e-01
-3.929027624318163214e-01
7.304519525060022556e-01
-6.861754523631117264e-01
-1.000000000000000000e+00
-1.000000000000000000e+00
6.333633087060417388e-01
-2.764001170948229835e-03
-7.733389061291965350e-01
1.000000000000000000e+00
-9.628455531521957766e-01
7.757062205983770165e-01
-8.163866565107589235e-01
-3.779725844884805896e-01
1.822800932813917751e-01
-2.678007698923053070e-02
2.490760088126991734e-01
-3.129440575329615060e-01
-3.262855741022223088e-01
4.197641873328487594e-01
-6.583272010393543816e-01
7.795061369173343913e-01
-4.303890023143376875e-01
-1.048750882277976748e-01
-5.875997879366237076e-01
-3.913696871606750505e-01
4.515997570646539394e-01
2.040302284555324530e-02
8.676493600129409067e-01
-1.511563380533342826e-02
-5.509773385039591354e-01
2.065450811990157398e-01
-7.084553544944123260e-01
1.000000000000000000e+00
3.343444328388626152e-01
-3.463132807080990250e-01
-7.024376232969534173e-02
3.750582160785030927e-01
1.000000000000000000e+00
-9.522057855168062357e-01
2.693925879086796205e-02
-1.000000000000000000e+00
1.000000000000000000e+00
8.766417426917560984e-01
1.000000000000000000e+00
-8.700408690445500248e-01
3.979194187670437310e-02
8.927229609896338847e-01
-1.000000000000000000e+00
-2.640213614033375955e-01
-9.831923425230834068e-01
-1.000000000000000000e+00
1.224184935123399653e-01
1.640933075211623016e-01
9.358172634378776333e-01
3.164480095274421756e-02
-2.390399244591107086e-02
-4.140054147624616654e-01
-9.261717546061305484e-01
-4.548828529231173368e-02
-1.000000000000000000e+00
2.864636645114303493e-01
-3.073287890891077678e-01
7.331767698873659089e-01
4.495426523334097313e-01
7.276534095547368408e-02
3.761202412749225510e-01
-8.468328161698341905e-01
6.740903637281758787e-01
-6.320701517534212943e-01
-6.075606032797907785e-01
-8.758463686686666083e-01
-1.593366440916350601e-01
-3.184987446671046218e-02
1.000000000000000000e+00
-5.684484458462150114e-01
7.524351399050849265e-01
9.418128640100468241e-01
-6.571766269067274013e-01
-6.894720454515430585e-01
-4.152455861350667354e-01
7.297481003473990646e-02
7.503296145228877112e-03
-6.284486419181234407e-01
1.000000000000000000e+00
5.211026868774437659e-01
-5.035767932726032958e-01
2.805845700518234676e-01
5.656924116457928697e-01
-2.966866020064460319e-01
-2.005849176448353532e-01
9.288249427131035629e-01
2.154033023652505430e-01
2.538000944809692960e-01
3.417941607945695903e-01
-9.938778970760449027e-01
3.254521735286406425e-01
3.984135257483223391e-01
5.764843691819705462e-01
-6.612238471377467341e-01
8.719237789627932722e-01
-4.406536587803847049e-02
3.433516166706204742e-01
-6.355674565377302798e-01
-7.523794970265391679e-01
1.000000000000000000e+00
1.000000000000000000e+00
5.795664870335107688e-01
-4.009939357888550049e-01
-7.353940852968759989e-01
5.336342163900879010e-01
-3.379158572597962262e-03
1.000000000000000000e+00
1.000000000000000000e+00
-2.422558670835289196e-01
-9.209975925462922097e-01
5.676262605577189202e-01
6.070589685535228153e-01
-8.357468849083644624e-01
-8.765843121720132691e-01
-8.755037762045750904e-01
7.274985037181316283e-01
-1.359028667095167342e-01
8.179460415701554910e-01
8.847361604753301023e-01
-6.535714135906958155e-01
-1.773087889015591001e-01
-9.822792252850651717e-01
5.699378919925719711e-02
-7.043723913368910017e-01
-8.870984180814365239e-01
-9.566040300087124137e-01
-8.223076143752866551e-01
5.070877807779494706e-01
-2.316897538499284592e-01
-6.160044379135836135e-01
-7.608893365286786281e-01
-1.603674784415708710e-01
4.417667685700299995e-01
-3.937774608256743858e-01
-1.000000000000000000e+00
7.571716555295976425e-01
-4.343527837798819569e-01
4.786797676494515819e-01
6.892272717102766455e-01
-7.615146625727683416e-01
2.437034177196825413e-01
8.968653841119437198e-01
8.489163420835409424e-01
-1.922316824413766168e-01
-6.978932516798965757e-01
-5.479884733608081371e-02
2.719904630513967358e-01
7.568585383149466495e-01
9.547568929652967551e-01
-8.075923331752690171e-01
5.430918629790082441e-02
-1.449950713300774685e-01
9.585325524414367582e-02
-8.777457460276599788e-01
-4.481017834668811484e-02
8.465259025517331004e-01
1.000000000000000000e+00
1.756621130426075095e-01
-4.594195305215847402e-01
