-5.307860108675696020e-01
-5.682040312131717563e-01
-4.662968700075895145e-01
-8.290935221157019752e-02
-8.933295955133216393e-03
-1.725249328337274957e-01
1.000000000000000000e+00
-1.062447234438879395e-01
-5.982795981705780752e-01
-5.307258111605535067e-01
-2.159045915443498775e-01
-5.376952756575589243e-01
-2.183953894561159181e-01
-2.723785613100623282e-01
8.382008539881261600e-01
-4.107006053566097381e-01
9.204348040638536954e-01
9.578270953413835498e-01
1.219628129578240877e-01
9.693391298530417144e-01
8.279068802972625041e-02
6.585222940069348496e-01
5.859991616666665459e-02
-2.221142170925784198e-02
8.811148466713440985e-01
7.323847082342629378e-01
5.257010130448023233e-01
8.295415923819712267e-01
2.233999168257216617e-01
-3.630957469176136487e-01
7.276343931384054997e-02
-2.034242340557285422e-01
1.737353411908716672e-01
-1.000000000000000000e+00
-2.639909491267877772e-01
5.203535282266198436e-01
7.939549896082090941e-01
-3.542006561893200067e-01
-1.000000000000000000e+00
-7.880006344416778941e-01
5.636587188110608881e-01
-2.737684380617788626e-01
-8.127803448336798908e-01
3.739837342616173510e-01
6.110213049251813633e-01
6.224249242484531930e-01
-1.000000000000000000e+00
8.314064334428182546e-03
5.394157326377102546e-01
-5.029816591589874042e-01
-7.882283036227484274e-01
6.504634895939942485e-01
-1.481327976666355628e-01
-4.503956904458136790e-01
5.563428296161310183e-01
-7.510420549677889746e-01
-1.185473374375177191e-01
-3.728902392926007336e-01
1.000000000000000000e+00
-7.756473568543993391e-01
-9.457742257916652573e-01
2.717211358042032066e-01
4.007935431363228718e-01
-3.938986539296129852e-01
1.000000000000000000e+00
8.081863377426807826e-01
-7.519731087554840654e-01
-1.562150544796244156e-01
2.296641068982400724e-01
-1.918219776393383647e-01
1.000000000000000000e+00
9.373219434697670494e-01
-5.421043620003356267e-01
-2.958769871012599806e-01
4.615484696064112713e-01
6.239423609758619760e-01
3.284765948253148826e-01
9.298044377439386166e-01
1.000000000000000000e+00
-7.915018166696514701e-01
-5.419091074558513021e-01
4.832200124757099480e-01
-4.683502154648087612e-01
4.976288072987192224e-01
-2.827849558961189474e-02
-2.607561034549442103e-01
-6.405865982823812921e-01
-9.873932345833570656e-02
-3.801885555198802336e-01
6.127134230068812526e-01
-1.000000000000000000e+00
-2.848588790146833749e-01
-9.115091017611844926e-01
-4.327664043670745864e-01
-4.845665663497132347e-01
3.547432030476921905e-01
-6.753230093914155963e-02
1.421104628992190810e-01
-2.253441870883519937e-02
-7.859653285798819944e-01
-9.904265937796086217e-01
-9.745521212277353795e-01
1.000000000000000000e+00
-9.509649407715962122e-01
-5.813645848393228510e-01
5.003057363580298844e-01
-4.627523781687213900e-01
-7.546447017337575280e-01
2.942954875984132301e-01
3.048927675227411371e-01
1.000000000000000000e+00
-7.689333589423874571e-02
1.000000000000000000e+00
-2.131965469011442016e-01
9.146321520071429845e-01
-7.498876335588313680e-01
1.708267598748499649e-01
4.161029518796058868e-01
1.000000000000000000e+00
8.680971291636480069e-02
2.649043075966144856e-01
1.415518241183304493e-01
-5.963415509955309890e-01
7.558939625300906129e-02
1.332915279392329344e-01
3.044164246676689389e-01
-1.618792128305625022e-01
5.390698400851394734e-01
-1.331766388042556759e-01
-2.392012187837457005e-01
-7.448913340553245943e-01
-6.869495503599287733e-01
2.840434079614736484e-01
-1.000000000000000000e+00
-9.436584242390720911e-01
-4.921084333674233258e-02
-8.994177061581024590e-01
1.000000000000000000e+00
-2.194866003475970384e-02
8.425982484265674977e-01
-4.307446704362187795e-01
6.904202777366100774e-01
7.045724143111979920e-01
-2.106261972261478654e-01
-4.913670545173328130e-01
-2.948110008760484457e-01
1.141971900595472877e-01
-2.896274185446167659e-01
-5.908612564238198139e-01
2.607212468334449973e-01
5.443577725749432217e-02
-9.383898743804088838e-01
-7.383243346676053864e-01
2.049058008895426886e-01
4.547967966383370531e-01
-4.565448980782430555e-01
-1.548443454811280207e-01
4.654665971695620130e-01
6.134616521501266018e-01
-1.182993162253059560e-01
1.121836211441478159e-01
-6.570672079317214920e-02
-1.717382905605015775e-01
-7.751321657511320851e-01
7.860135192340481636e-01
-9.957810737257591915e-01
-1.000000000000000000e+00
-5.930526711504490178e-01
-9.906610494110320575e-01
-6.980829920358220253e-01
4.321587589942507135e-01
-5.331550125424493469e-01
2.948975501264180510e-01
3.810895263590234894e-01
3.199329203983797831e-01
6.984219821587499544e-01
9.496813565919545175e-01
-9.041666844712414886e-01
-1.630881829407680728e-01
3.341368556131985024e-01
3.994386848999809669e-01
5.804469916385198713e-01
-5.009996962429581480e-01
2.652035346842803731e-01
-2.215084153081111062e-01
-5.119250425206393063e-01
-4.574909396409609919e-01
-8.629254180784586836e-01
7.458152760169644013e-01
-5.837824894527052777e-01
1.000000000000000000e+00
-1.863836029696497032e-01
-5.998862996515033075e-01
3.405623001371232972e-01
-9.602977135175061463e-02
4.908760860963567452e-01
2.811898097429710863e-01
-1.000000000000000000e+00
-1.205287430723349512e-01
2.760646027116924195e-01
-1.000000000000000000e+00
-2.307692419672118800e-01
5.272206448828314906e-01
-2.535864773788290560e-02
-6.270096285174736606e-02
1.620547962489812255e-01
1.000000000000000000e+00
-5.534739281464878813e-01
8.782697969592481724e-02
6.789165338246070380e-01
-3.377288486915930865e-01
-1.000000000000000000e+00
5.272294713963245893e-01
-6.500801290367145269e-01
7.704747931339537281e-01
2.199680285637823363e-01
2.747505327552383636e-01
1.000000000000000000e+00
1.000000000000000000e+00
-1.673424967636957805e-01
-6.491306007665326172e-01
-2.336817305722215243e-01
3.464111222218285158e-01
1.000000000000000000e+00
-6.144982285084215068e-01
3.342450114370668079e-01
-4.399987444881883203e-01
-1.000000000000000000e+00
-5.428963122187104862e-01
-5.837039100104732814e-01
5.174465585272081808e-02
1.000000000000000000e+00
8.871319971085593892e-01
-7.909530625096180545e-01
9.254715912319705362e-01
4.522653837221605189e-01
-8.102994063762644084e-01
5.015255139762156977e-01
3.410064177651271622e-02
-7.507606785098668301e-01
-6.334278403475802621e-01
1.641068064573836249e-01
1.991747728087962799e-01
9.001046489256511740e-02
-7.759285901137711328e-01
1.000000000000000000e+00
-4.808411629496205930e-01
2.195947937407324857e-01
3.713227418959559323e-01
-7.041592205934210646e-02
-3.987824416076339584e-02
-3.470796797992857508e-02
-7.426452222435337980e-01
-4.226568398854601560e-01
1.000000000000000000e+00
-7.963047196405217409e-01
-6.436352958841855543e-01
-5.490214683490182157e-01
5.993691420872765407e-01
1.024439111617387183e-01
-5.426648354263715612e-01
-7.394650557661711643e-01
1.000000000000000000e+00
1.693535967304380940e-01
5.367455041866584509e-01
