-6.789625430625330083e-01
-3.456558371639706362e-01
-3.283808998509124000e-01
-2.902018182236840715e-01
-1.000000000000000000e+00
-3.860849696141153697e-01
3.583409385082258480e-01
-5.032753886908852836e-01
1.000000000000000000e+00
4.208159663694526209e-01
3.897488067519978561e-01
9.589368227743559903e-01
-9.672849056012022828e-01
3.376786421821276196e-02
4.870432734431249244e-01
8.061656415494212746e-01
4.006047333598436455e-01
8.576053542742718694e-01
4.490087015122096181e-01
8.827321152538267768e-01
-1.147577030251527852e-01
9.997534631565101471e-01
1.000000000000000000e+00
1.971981273527171480e-02
-4.410840887815914435e-01
-1.906274739915531646e-01
8.570951301175494530e-03
-3.585418119870562581e-01
-7.312840065416021940e-01
-4.216346644162066726e-02
7.015725516138004991e-01
3.233743320356791684e-01
-6.243758199546352028e-01
-5.940337745101393896e-01
-9.057248383228011512e-01
5.236885884255930712e-01
-3.859503789997755230e-01
8.023005780311132096e-01
-8.460311921818024494e-01
6.760572100598892797e-01
4.699497377275461685e-01
6.022402623031555269e-01
-3.302177721975307345e-01
9.890896985050899870e-01
7.427656352725237054e-01
-9.095691692972109055e-02
2.352258404128048375e-01
-1.000000000000000000e+00
-4.209728740504740108e-01
-9.612396705377850292e-01
-5.749142313786331782e-01
1.000000000000000000e+00
-6.326475556436148562e-01
1.000000000000000000e+00
-6.399495608777232558e-01
-1.000000000000000000e+00
2.987458884703376172e-01
-1.035275395336111848e-02
8.762355113812462237e-01
-7.510723448544813774e-01
-8.614154616812003118e-02
-6.315565748406052338e-01
1.000000000000000000e+00
5.574971821630929636e-01
-8.789979880425599079e-01
1.000000000000000000e+00
-2.571404553086753531e-02
8.334979296405892191e-01
9.098802310995028897e-01
6.859255304579520152e-01
3.315192923979040085e-01
4.427413243093111239e-01
-9.024088434658581459e-01
-8.930055846236281125e-01
-6.536003745946965537e-01
2.819978718197413969e-01
4.640773886892018973e-01
6.777762059191475563e-01
-2.838019485495074656e-02
2.150849977718378714e-01
2.940596408331015987e-01
3.377908670152144910e-01
1.596677079701572244e-01
-4.815482875198979773e-01
2.615323020499220608e-01
-7.602579483856712894e-01
6.352544120324261634e-01
-3.186328840924798067e-01
3.608737130385366032e-01
-2.091995038763234671e-01
1.000000000000000000e+00
-7.310643631483445537e-01
6.043359618576202852e-01
-1.013377082210538127e-01
5.644250973327410437e-01
-8.506461260935828106e-01
-6.034439999629881424e-01
-1.540543887528144917e-01
9.526602833438181372e-01
1.308404434653097359e-01
5.275773785532729132e-01
1.926475767193262245e-01
-9.903549114297366396e-01
2.165827282515617735e-01
-1.000000000000000000e+00
9.727809243729581556e-01
-8.373605244366663092e-01
-1.902486006968224785e-01
1.372376233404965507e-01
3.280470072740401255e-01
9.586713226626800699e-01
-1.000000000000000000e+00
-7.647704304254154817e-01
5.947541108334160054e-01
9.248985541995015103e-01
4.708200461020314864e-02
-7.030841880804636901e-01
4.869374473176331097e-01
5.133390746452365372e-01
-5.323780142592676734e-01
-3.666420395267230847e-01
1.000000000000000000e+00
-3.672216608072847999e-03
5.038775851659065275e-01
1.000000000000000000e+00
9.518185591871788365e-01
8.590010269920588248e-01
9.210569399481122188e-02
2.133539727566708399e-01
-6.439772875976546018e-01
-7.123407455972007030e-02
7.263020894673614114e-01
7.815738700801775352e-01
-1.353217017376652787e-01
1.844458313722825427e-01
-4.858941263905292018e-03
1.000000000000000000e+00
-5.141890846139751670e-01
1.000000000000000000e+00
-8.382997897075499250e-01
-1.106789316244372046e-01
-3.982515557784684912e-01
-2.863525243248187246e-01
2.669096309677754242e-01
-1.941452423131251603e-01
-9.088892347265040694e-01
-5.254189181219606208e-01
-2.126472916077993547e-01
-3.707503749852220087e-01
-5.928016399670561487e-01
2.521565857264929100e-01
3.201653711928958979e-01
3.708508894492487662e-01
4.055152029129387992e-01
-6.769905583596167453e-01
-7.269610728821522816e-01
3.256085476818932345e-01
-4.490869886968967828e-01
8.733477749973503901e-01
-5.648210062362604145e-01
-2.170301209577153445e-01
1.340532351023962232e-01
2.840164361634034407e-01
7.266438317738128649e-01
1.137926919841102114e-01
-6.336145023718682268e-01
4.029643608783563535e-01
2.303800020613512856e-01
7.925910971512667436e-01
-3.605014982587513295e-01
1.000000000000000000e+00
-6.657311414370512548e-01
-2.189125775594724654e-02
1.004620864801827884e-01
-5.590344112888421257e-01
2.506209964308521165e-01
3.028921281999048531e-01
7.429585838936722531e-02
7.763814165924991517e-01
5.778602479540089210e-01
1.797302251154915820e-01
8.003211065360451570e-01
-3.515936141002836690e-01
-9.531434173577865709e-02
6.556209334242413256e-01
-3.575853382574145090e-01
7.066177587163486873e-01
4.877652353051641354e-01
-1.767229839776918721e-01
9.545123442847310846e-01
1.079073455175272450e-01
5.889934797586420245e-01
7.723546936275264008e-01
-1.619101602531214379e-01
-1.000000000000000000e+00
-8.292220411893824750e-01
-6.961750724095010501e-01
2.008607063358832379e-01
-1.695868999866114724e-01
-4.141429369086081502e-01
7.127371279826076877e-01
-1.622681727564001253e-01
5.227917494382374741e-01
6.705472504721494698e-01
-6.631494215237937473e-02
-7.131281918716192436e-01
-6.378810997192845278e-01
-1.000000000000000000e+00
-1.098286398610557324e-01
-6.367237498741520341e-01
2.990124211987675584e-02
4.909426863679398068e-01
6.646149752684740175e-01
2.776991239256533239e-01
9.795273778030882950e-02
8.855650499994852098e-02
-9.258779017060769778e-01
9.452120239215213715e-01
5.373036262296992938e-01
6.787784363586909508e-01
-1.000000000000000000e+00
1.000000000000000000e+00
1.492068774248879182e-01
-6.708771802341410018e-01
-5.990500723630661772e-01
-3.088206895122608264e-01
-4.056637958072776273e-01
3.360376788434016881e-01
-3.157302422012835952e-01
-4.164229971960952126e-01
-2.967789295585430143e-01
-1.000000000000000000e+00
1.000000000000000000e+00
2.638428942283000955e-01
2.762565080774240789e-01
3.580597097093905501e-01
2.669940436904371661e-01
4.598975129432607556e-01
-1.187235735598209663e-01
7.560597282077685666e-01
9.426259383033379624e-01
3.588806013659204819e-01
-5.152217787140255245e-01
5.359666595546284107e-01
-1.000000000000000000e+00
-4.568935215197770794e-01
-6.257721446090562800e-01
6.907687620859198629e-02
5.450392412552829136e-02
2.570793609857697226e-01
-9.192785290107179375e-01
3.245091207789034538e-03
4.671570348658078409e-01
-2.831700902737951941e-01
9.740306788773362978e-01
-1.000000000000000000e+00
-6.978014957824919540e-01
1.171556872337414512e-01
1.000000000000000000e+00
-8.280438928936406651e-01
8.530579607829817668e-02
1.000000000000000000e+00
5.478195022830865124e-01
-4.611638639406797635e-01
-1.713136768365436380e-02
