1.000000000000000000e+00
1.000000000000000000e+00
-1.550255253200741867e-01
-3.862515607466175949e-01
-6.889136328280741628e-01
6.226603821776588443e-01
9.855500528267698845e-01
-1.640771662561981148e-01
7.407212969107064282e-01
2.341117140822270848e-01
3.848661283630488983e-01
5.227243823657472532e-01
8.131947824763757771e-01
-1.000000000000000000e+00
9.668665528188427061e-01
2.127413533724865219e-02
-9.820647045588345447e-01
4.831298282988780168e-01
-3.536146138321169530e-02
-7.258442300717826701e-01
-8.665295732467032108e-01
-4.914587199550517482e-01
6.864941605840502170e-03
-1.280993505624624662e-01
-6.421330587358208275e-01
-8.906702504685191091e-01
1.120809325112757660e-01
7.414813359457484987e-01
5.442102292967770927e-02
1.199513741656982324e-02
-7.565791943609194714e-01
1.000000000000000000e+00
8.159430815990201813e-01
6.367933929757834122e-01
-3.568800219482876068e-01
8.297352497499825841e-01
-6.343054635471787606e-01
-1.000000000000000000e+00
-7.034848725606710484e-01
-2.306020455675561742e-01
1.823217024157997579e-01
1.000000000000000000e+00
-8.604207149266542842e-01
-5.486279234375446290e-02
-4.381098436071544366e-01
2.784380708509987534e-01
-5.491938857835967913e-02
1.000000000000000000e+00
-7.692791433001655577e-02
-8.471823639213844626e-01
1.189176680274338094e-01
-1.237311940537278998e-01
-1.000000000000000000e+00
-9.565527911195667032e-01
2.735842298835183262e-01
-1.377441048317004924e-01
4.889884116428529909e-02
1.526173836599246658e-01
3.329681169249139039e-01
-4.632585628044910697e-01
9.562555385540651987e-01
3.228845861141406703e-01
-7.585065568091763355e-01
-1.000000000000000000e+00
1.368040111045278062e-01
5.900205758456236182e-01
-1.000000000000000000e+00
-9.072012874836614671e-01
2.429608777210671977e-01
-1.000000000000000000e+00
-3.108291809663263905e-01
9.460891851857802237e-01
-3.276468483505451390e-01
8.178413576075879154e-01
7.040753499256178216e-01
9.965089414679624280e-01
-4.382866734680951337e-01
2.147567113938471106e-01
-8.884078662974097540e-01
-7.760737042630202476e-01
-3.527094136667635604e-01
-7.956093913251600647e-01
4.521444169760496790e-01
6.030477840638596154e-01
1.051095939058344086e-02
2.581924245086197889e-01
-1.317465454105672951e-01
2.227686807199223684e-01
1.000000000000000000e+00
-2.131936203231650784e-01
-2.444543082698842906e-01
-1.000000000000000000e+00
8.101653312024021947e-01
8.450115912566681375e-01
-3.398007852182842736e-01
-4.477359296685402557e-01
-8.793343850163891640e-01
-1.019425296429123662e-01
4.319600865941236045e-01
3.859125467628125028e-01
-1.000000000000000000e+00
7.083895021220475430e-01
-6.098743436963065534e-01
1.000000000000000000e+00
5.124728511483694904e-01
-8.346623124083649703e-01
2.159295768044272590e-02
4.951439917016194348e-01
-7.189098253056368515e-01
1.000000000000000000e+00
-4.969758610601853754e-01
9.294289395119588182e-01
-4.413097534036123371e-01
1.715828772665693447e-01
1.512490222802174711e-01
-8.996642054639145680e-01
9.932842181243337620e-01
-1.000000000000000000e+00
1.000000000000000000e+00
5.239080879720449113e-01
-2.036413550709143816e-01
-1.000000000000000000e+00
6.023506790754072915e-01
-6.732678755278178606e-01
-6.630905311181265471e-01
-7.964449807913535073e-01
-4.790458737178194815e-01
-3.989647810317053511e-01
-6.024633195828599241e-01
-8.407959727939561256e-01
9.750561645670121624e-01
-2.331439995276515798e-01
-1.591518509604545606e-01
-2.956856438369259155e-01
8.719214645097566052e-01
3.274400025881747389e-01
3.272384384271564972e-01
-6.642877556909649872e-01
-2.482564600392595244e-01
7.272378967606913935e-01
-1.000000000000000000e+00
2.364739791706282623e-01
-4.400512857357075092e-01
8.677839072014370547e-01
-3.830184498422286588e-01
-9.259927559620881876e-01
5.283811700570797409e-01
-6.228782627519224846e-01
-3.352536858359983496e-01
-4.123806476314217928e-02
-9.836206071069503176e-01
-7.870577186073755005e-01
-9.519278218515144774e-01
-4.133025789661220473e-01
3.192057246638601437e-02
-2.765909022251676896e-01
2.709923560360826267e-01
-5.899934311727883518e-01
-3.275702108698401727e-01
-6.246040031434219042e-01
1.000000000000000000e+00
-5.176691415879501879e-01
-8.160167158341344873e-01
-9.209492379172522503e-01
-1.525005401180318798e-01
-3.906116613618443312e-01
-5.314861847447382992e-01
9.926226965871521868e-01
-8.732807521129334893e-02
3.030864143012038658e-01
-7.902432223082945795e-01
1.000000000000000000e+00
-4.022873333258941697e-01
8.961383467395394042e-01
-8.311878913405278402e-01
-5.172761291306959830e-01
-1.000000000000000000e+00
4.361047988244226570e-02
-2.131364489450437716e-01
9.444311149634843083e-02
-6.913519265239284062e-01
-9.209067073641298284e-01
-3.595110073163664266e-01
3.879156234214770627e-01
-7.668373140910691999e-02
2.656329634107004734e-01
7.869780164351262985e-02
4.169545673568886279e-01
5.806298111880928148e-02
-1.000000000000000000e+00
2.705944804226712574e-01
7.128335578699883657e-01
-3.081199219093302966e-02
-5.769601362303604652e-01
1.000000000000000000e+00
1.000000000000000000e+00
-2.756270146593298165e-01
3.165451786495261377e-01
-5.858789670396804539e-01
-4.685580253811887919e-01
-8.513031027828468211e-01
1.000000000000000000e+00
-4.108272413332588607e-02
-8.786359316903882832e-02
-7.750144554557699683e-01
3.932736438508339649e-01
1.416956197680986074e-01
3.031307905361276811e-01
2.610059630473288705e-01
-1.730504734025450631e-01
-6.499812510263509591e-01
-9.331102030571339911e-01
4.753754177227721422e-01
7.031835370184600364e-01
-1.435550777124313948e-01
2.212661264514410864e-01
-7.559015478532303822e-01
-1.000000000000000000e+00
-5.190528038202536498e-01
5.218015338780332968e-01
2.983175464354006490e-01
-1.682706906957367465e-01
3.687657211106540878e-01
6.729352790454413702e-01
3.488067661255591645e-01
1.000000000000000000e+00
3.508873860523410992e-01
-1.849839581202651073e-01
-3.711411034775636830e-01
4.883980002815208055e-02
3.199289838259161689e-02
7.708711388196498593e-02
6.056269315284515398e-02
-6.524085868500251184e-01
5.418742444319617491e-01
1.682443434964316087e-01
-4.435734691290933451e-01
-1.004516477262417662e-01
-3.966544800600875220e-01
2.861893038949132051e-01
1.000000000000000000e+00
-1.000000000000000000e+00
2.987045864768611003e-01
-8.857726678946312715e-01
-4.090274679730911966e-01
-7.185324992300147207e-01
4.568453674457405578e-01
-3.309322774819784541e-01
-3.299465051047180131e-01
-1.000000000000000000e+00
-9.452890423360120753e-01
3.133409145253645001e-01
9.081679710602407196e-01
-2.694440700017607382e-01
-6.322449610695277666e-01
-5.841632860091506840e-01
-2.051795083211284676e-01
-1.615045178208055487e-01
6.495778581512390293e-01
-2.432347103948530043e-01
5.376738516032164572e-01
-4.646333523383455733e-01
-9.907583775984717400e-01
3.836962415312287766e-01
3.867515874816512822e-01
