6.350603517653531371e-01
7.630646936291364257e-01
8.791100967629789098e-01
-3.276132191242608210e-02
2.301210196660842533e-01
-3.500353406247936339e-01
-4.059527805609588480e-01
1.000000000000000000e+00
-1.931378359268526301e-01
-3.677800954236034592e-01
4.803198204419714124e-01
-8.384094227346001738e-01
-8.089275659089046888e-01
9.548429368077540058e-01
-1.032066065944363259e-01
-7.771084991289066712e-01
3.658474989582640724e-01
1.000000000000000000e+00
1.485115906400822916e-01
-2.171284832669071463e-01
-9.448170377629278027e-01
-8.307924564933479861e-01
8.819298922160283549e-01
-3.057773583353265989e-01
3.891481341313825504e-01
9.686375038860508546e-01
-1.707455503893788307e-01
-6.284538216227334440e-01
1.328833252513789143e-01
-1.000000000000000000e+00
5.612116807496981830e-01
-9.148734362561508071e-01
5.451437963004278631e-01
-4.283614236940944675e-01
6.736324548972133508e-03
-9.455875502999767646e-01
8.777351744963151070e-01
7.989142695526059157e-01
6.933104344041175482e-01
8.670401024818349400e-01
2.426923653707773187e-01
9.785551250901219911e-01
9.019984921188549665e-01
-4.779359891812406946e-01
-9.232698686987743653e-01
3.707687893391144462e-01
2.712806483475769248e-01
-8.020739300557298002e-01
1.000000000000000000e+00
-3.755294304409350636e-01
5.750710281156399262e-01
-6.203255188580053536e-01
-3.098704977732988364e-01
-3.349325766841648733e-01
-1.852150034869409767e-01
1.000000000000000000e+00
6.962755523187645901e-01
-2.911074439468884778e-01
3.275471297417423822e-01
-1.008153697370160196e-01
-9.104301249005359864e-01
-1.255892468606274459e-01
3.590501456239189593e-01
-8.019755632718396088e-01
6.639331043208643868e-01
-1.773700436974226524e-01
-5.709750990266375392e-02
2.404406999112962406e-02
-6.234834059641635173e-01
-9.098050295459934045e-01
-4.754678734742345814e-01
-1.000000000000000000e+00
6.115779466407980092e-01
3.014140243239301631e-01
-4.463175231142653132e-01
5.540403036934281600e-01
3.352515778498750265e-01
-8.345323084955498238e-01
1.698063567434849874e-01
-7.877775377096534193e-01
7.488484316391741391e-02
-3.178796799397599071e-01
-3.672524540655247582e-01
7.355184695032950248e-01
6.696499320046798154e-01
9.625704221962838592e-01
8.433289079087596951e-01
9.841301468876070824e-02
-5.506108450654967346e-04
-2.363712805896393820e-01
-9.574074072281266723e-01
6.538088660072952640e-01
3.371892986563900796e-01
2.719674526506646872e-01
-1.000000000000000000e+00
-7.742645641065175610e-01
-6.181415963613369202e-01
1.568992952599921331e-01
4.279127271375239849e-01
8.425771730295270601e-01
1.371493944423361477e-01
-7.576117733613930705e-01
-5.175255980618240215e-02
9.557346703828776269e-01
9.957327457183232644e-01
-1.000000000000000000e+00
8.432604431540512424e-01
9.058151009524751940e-01
-3.925016621284274088e-01
-5.373953119789032229e-01
-1.127772871667813148e-01
8.982398346814702839e-01
5.118076339155224197e-01
-4.807691176046552384e-02
-8.038705062564149850e-01
-3.500380325346723609e-01
2.386982101487575281e-01
1.179252981256315030e-01
5.968176131665250406e-01
5.466494783065217744e-01
-4.715850205794452354e-01
-9.899017982008125882e-01
-6.886650693643353582e-01
-1.000000000000000000e+00
1.454543576045615461e-01
6.698858424604791084e-01
-7.975089836445681257e-02
6.160466386358753876e-01
-3.110970521236221531e-01
1.000000000000000000e+00
6.521171973746742179e-01
4.215280082143731816e-02
1.000000000000000000e+00
1.973627740446564360e-01
7.517600515099155389e-01
-5.638954708303384189e-01
7.270491047340846835e-01
-5.465498014902203661e-02
6.970191321997862843e-01
-8.951696855664821317e-01
7.223486767816713616e-01
-5.761038415076157326e-01
1.218916889264833325e-01
1.835726549728972090e-02
1.000000000000000000e+00
-5.047541395475728665e-01
9.986319997171999585e-02
7.359640367811088879e-01
1.538465611678200284e-01
-3.938661874489470804e-01
-4.256594521145676269e-02
1.860187929385598293e-01
9.163644979566254456e-01
-9.237089109443734625e-01
-1.163706431120037493e-01
-1.214569091960286396e-01
-9.905233368904777791e-01
-4.737959411545930033e-01
-6.884281728198882178e-01
-9.818935300832449808e-01
5.822286753778465052e-01
-6.002691098491845789e-01
-9.097528625613219289e-01
1.050317766141509179e-02
1.532619839268278827e-02
1.000000000000000000e+00
6.191263212461098897e-01
-6.614117502517369296e-02
5.940662535473396622e-01
7.468656149088676033e-03
8.486534224528226034e-01
-3.055335901709165247e-01
-8.246274126908346158e-01
6.380983442853418453e-01
-1.775129997831054462e-01
-1.673142674918654815e-01
-6.463209870656927425e-01
7.246164803370861440e-01
-1.724373422549152490e-01
-1.000000000000000000e+00
6.023723332560411148e-01
-7.573431890463061533e-01
8.061868529329013766e-02
-2.974372626768614913e-01
-2.792559341350978608e-01
-8.095417404725472332e-01
9.479555423707730633e-02
-8.276555004168018037e-01
-1.000000000000000000e+00
6.220095632514942574e-01
5.468757290942440896e-01
-5.350673787785661939e-02
1.613705631808621810e-01
-3.495554907847259196e-02
2.372565169712281541e-01
3.152925133766077553e-02
-5.702217998273269028e-01
-3.764847549544746985e-01
1.000000000000000000e+00
9.003292166340489677e-01
2.464719685287982964e-01
-4.894154291069722218e-01
-8.592203146626001820e-01
5.383297787893288611e-01
-4.652352149270097548e-01
9.581193510202801189e-01
-1.870112476558605241e-01
-3.303757289765622551e-01
7.043553618498971103e-01
2.856079486399857315e-01
-8.480072506286642220e-01
4.838655521841549456e-01
2.163134991605031865e-01
2.663748069159936893e-01
-1.000000000000000000e+00
-1.000000000000000000e+00
3.749832549310866403e-01
5.065012318794588353e-01
1.373311432447376079e-01
1.000000000000000000e+00
-2.702979009094695351e-01
6.366262537317892711e-01
8.964603454863540044e-01
2.666305999048901310e-01
1.000000000000000000e+00
2.638656719258923311e-01
-9.928274798983700578e-01
3.752165706166141201e-01
-1.880818129905765246e-01
-6.191579787761318787e-01
-2.656475343075482831e-01
6.060609794784487248e-01
1.000000000000000000e+00
-1.176896895322472325e-01
4.042541679944346988e-01
-7.536122548702340884e-01
-4.810056735057380295e-02
-1.703496496228089352e-01
2.122148198743326608e-01
-8.874970702277890089e-01
-4.495971382796010163e-01
-9.631514369837513856e-01
5.559657090267867696e-01
9.401096200322631713e-01
6.327700737351094062e-01
-4.486610134912572545e-01
5.412087843564792333e-01
-5.313927784298089207e-01
9.521290696247346474e-01
8.798988150073004944e-01
-4.484292866807126909e-01
-5.998027365418859280e-02
-3.082012812999132545e-02
-9.335687314075613585e-01
-6.940032420960791093e-01
-1.000000000000000000e+00
-1.000000000000000000e+00
1.728168447005818120e-01
-7.101726992891134183e-01
4.415259969180186372e-01
-6.939629157415159177e-01
7.288783279017202466e-01
7.705165398356019768e-01
4.915104024516497860e-02
-4.467150842649239562e-02
