5.493037768466476622e-01
1.000000000000000000e+00
-1.000000000000000000e+00
3.256700194813276217e-01
7.112000491701614413e-01
7.589744936136825215e-01
1.620402694871612148e-01
9.157107371500544657e-01
-5.070530919260616276e-01
-2.544152426029761549e-01
9.156484364252408525e-01
-2.289629263285523075e-01
-8.982638676876263384e-01
-5.956104753460695900e-01
-1.098148488568111425e-01
-2.529313324169032429e-01
7.533431051179003690e-01
-9.745009783530066416e-01
3.063454838611888720e-01
6.312761253234561165e-02
-8.826924408323179039e-01
-5.275017062069483620e-01
-9.423658772306968689e-01
5.427980761636270746e-01
6.467943892174994325e-01
4.034375936515286476e-01
-6.276277161357741718e-01
6.709242572084067602e-02
-2.947569890957530969e-01
4.093735642385121221e-01
-1.560910647733607104e-01
3.144109673914652348e-02
-4.378884672643577614e-01
5.179018016935097446e-01
-7.772142677524638277e-01
-3.306332010947884426e-01
-6.243406566671771962e-01
9.193619921930409333e-01
1.442793932642857935e-01
-5.677301774614627039e-01
-6.713642534504170589e-01
-5.812670299023672271e-01
2.186788464010226418e-01
1.713082280958733161e-01
4.595288112215049903e-02
8.885764883018075488e-02
9.213727032857081944e-01
-8.398940966072242498e-01
-6.282297364613981250e-01
5.317701169368375114e-01
7.430627401088290007e-01
-5.944765179208513217e-01
3.892545197059287254e-01
5.228851602570305790e-01
3.437118686727785866e-01
-3.974039635705406415e-01
1.972299522958660123e-01
3.334127751025616759e-01
5.889106263455357038e-01
7.642103512609996763e-01
-9.660275419779476014e-01
4.026357340767224291e-01
-2.152980065232791007e-01
2.046024866976906553e-01
-9.686118023229823848e-01
1.874599896192589710e-01
2.394365742964374988e-01
-4.067021509775933241e-01
1.000000000000000000e+00
1.572999664577305334e-01
-4.284373379571444485e-01
8.050514941844850725e-01
1.123315247858017729e-01
5.566166186443564090e-01
-9.583606190973752437e-01
1.000000000000000000e+00
4.307738711415587951e-01
-6.439281953814690596e-02
8.035675651124228880e-01
5.425180601790198232e-01
5.396773732163815396e-01
3.656289309700020418e-01
1.000000000000000000e+00
-4.637503101458398391e-01
-9.946773050644203140e-02
-1.814958554913022604e-01
8.504131310060873972e-01
-1.000000000000000000e+00
3.949152994308428033e-01
-5.055793169882892846e-01
-1.000000000000000000e+00
-2.052401275855674223e-01
-3.513425586521028432e-01
7.409173521627586689e-01
4.106412702734233422e-01
-1.000000000000000000e+00
1.000000000000000000e+00
9.484377433289781223e-04
-9.328536152414498295e-01
-1.589516177088330928e-01
-8.546523682441271585e-01
-7.833460081006777820e-01
9.096555031806258240e-01
-9.121858113210419283e-01
2.267671136876936444e-02
1.517927783329649782e-01
1.022850726792752241e-01
5.868665113848027248e-01
-8.401339576409899701e-01
9.852143045800529908e-01
-7.185638316571201223e-01
8.759959785789528386e-01
-6.984418329385383428e-02
1.000000000000000000e+00
-5.216372149711587802e-01
7.062902558333028491e-01
2.135585818219384868e-01
3.124546491420928107e-01
4.064090114000012965e-02
1.296620441706743676e-01
-7.345665524508371291e-01
-7.575247833347991122e-01
-4.930096308068576683e-01
5.424923077097716373e-01
-9.787651316593912743e-01
1.649582140320929313e-02
-2.962103446951260821e-01
3.171750377835633738e-01
-5.634719114677579077e-02
5.652413563287114195e-01
6.998233124363897328e-01
-5.142423902593944163e-02
1.000000000000000000e+00
9.112596930069291057e-01
-1.807376184718246237e-01
3.135619941336853511e-01
-9.743704565757447256e-01
-1.000000000000000000e+00
-7.965959044721194759e-01
-1.000000000000000000e+00
4.351205596817961929e-01
-2.513222215934658998e-01
-3.710760643005284742e-01
-9.069092965453751098e-01
-1.896405640151017091e-01
3.896408875274286476e-01
-7.539434435585234962e-01
2.895043924297640014e-01
-6.372246424884790983e-01
-4.314080963770788868e-01
-5.096754554075454413e-01
1.000000000000000000e+00
5.239492666117917530e-01
5.543102702432951556e-01
7.125238815778957013e-01
-9.799691957740195303e-01
7.522166816714132009e-01
-8.476074131748846385e-01
1.074877900980640288e-01
-9.778287563131873306e-01
-2.039153773977618600e-01
-4.907470022250375874e-01
-5.486684394047374180e-01
-1.000000000000000000e+00
-4.188316983628137535e-01
-8.474426062140565374e-01
-5.285696802913497638e-01
-3.214505599711009465e-02
7.083968742422674936e-01
4.021197949768763324e-01
6.010878690834019489e-01
-9.248327870212564861e-01
7.009847210609297663e-02
-9.461812883079975256e-01
-1.838679465979352057e-01
4.349846985615704598e-02
-7.061606458881179993e-01
6.176110061555885045e-01
4.145049962237901675e-01
1.494023312934065206e-01
-1.659147243584796483e-01
5.019066195179058276e-01
-1.000000000000000000e+00
1.733866656909706094e-01
-4.992949250700050579e-01
-3.971924294422921053e-01
-1.000000000000000000e+00
6.556870406115814509e-01
-4.781612237799037213e-01
-9.639123039579760022e-01
1.000000000000000000e+00
-1.000000000000000000e+00
3.379936925377755585e-01
9.696097776158033588e-01
1.000000000000000000e+00
-7.297340936154100843e-02
-5.268529121464633480e-01
-1.782277699720106190e-01
-4.154855044504144335e-01
-7.254425120036771535e-01
1.965181299879134869e-01
-3.153218681494903697e-01
9.481358736099319007e-01
7.845604927257614492e-01
-2.125432167426915542e-01
6.624106420953935759e-01
-6.840784069200815942e-01
-7.357045336710088534e-01
-9.504919579420934017e-01
-8.368334478484086292e-01
-5.608036951588253327e-01
-1.000000000000000000e+00
1.000000000000000000e+00
6.517674614139312705e-01
6.129360713463933852e-01
2.224298110169854459e-01
-1.524482118359931082e-01
7.402410883256171914e-02
3.728966262586024816e-01
-2.825744129984940622e-01
-6.083372797310002134e-02
1.311250614227433553e-01
-9.641798337454305923e-01
1.000000000000000000e+00
-2.388433525616690534e-01
-8.234802705469312922e-01
-2.403580359520339216e-01
-6.313340614260088968e-01
1.000000000000000000e+00
7.770127004848944585e-01
6.633252872979550352e-01
-9.660558006929472752e-01
8.370470183851971835e-02
1.000000000000000000e+00
7.620331525659204686e-03
5.333327145852373441e-01
-9.293852586371018631e-01
6.231317975818194688e-01
1.000000000000000000e+00
-1.000000000000000000e+00
-1.000000000000000000e+00
6.425465976766363552e-01
-5.437680552046080668e-02
1.000000000000000000e+00
-6.316110073879915854e-01
3.252800089327578803e-01
9.572121362426979641e-01
-1.000000000000000000e+00
6.318604558282161499e-01
-7.689080191227282146e-01
7.179786586563120521e-01
1.003457166409997270e-01
-2.194260141622933202e-01
-9.456792982087003363e-02
-2.541608999009014047e-01
-3.307183182850095826e-02
-5.287786039751550815e-01
-3.433823961529972046e-01
8.756999678889598737e-01
-6.133691218114425414e-01
6.523753185760119977e-02
4.920349637110505991e-01
-9.766471140225316816e-01
4.267372685687070843e-01
-4.032366684695212200e-01
