9.101271034483979783e-01
6.437142055057988310e-01
8.869192171167520344e-01
-3.253175535717929279e-01
-2.809539256612486602e-01
-8.570643549415888351e-01
-8.534196312974334786e-01
-2.201115540013562910e-01
4.979796979362991483e-01
-5.187355679013760934e-01
-5.048698715610767662e-01
8.978931038858037894e-01
-1.480607880695019862e-01
8.409496647748629372e-02
6.961361153765623921e-01
9.398553159412498248e-02
-4.595562868310513194e-01
6.207082319923040714e-01
4.557391392346916703e-01
-6.788314491877063261e-01
1.000000000000000000e+00
-5.431785632148596887e-01
6.132643821265778561e-01
8.117753484461557312e-01
6.938888028065240410e-02
1.000000000000000000e+00
-3.822978769962581125e-01
-8.789540142985550197e-01
-5.605522118576415913e-01
-1.000000000000000000e+00
2.867105095342118437e-01
4.563657533743911143e-01
4.569292865379150359e-01
-6.485862861322344575e-01
6.438255253717566351e-01
9.148184455321957120e-01
-1.914740410664177717e-01
1.000000000000000000e+00
4.851100761907691794e-01
3.274030527162948290e-01
1.000000000000000000e+00
5.674007738087402664e-02
3.645818285402360193e-01
9.150069650104754038e-01
-1.000000000000000000e+00
-7.181272743107631751e-01
2.070183865491093123e-01
-9.907387552703400546e-01
2.965358547306112119e-02
-9.127208766022625319e-01
-2.407271564552640464e-02
1.000000000000000000e+00
-7.455570054016875670e-01
-3.819828956179772694e-01
1.000000000000000000e+00
1.000000000000000000e+00
-7.405220675606588587e-03
-5.992327623910878032e-01
-9.166109845064982498e-01
9.864053313944374235e-01
-6.295188914882300368e-01
9.817581105863451563e-02
7.475438173019435251e-01
-2.919778197714710810e-01
1.000000000000000000e+00
1.000000000000000000e+00
2.579838226037592386e-02
-8.289522881316341296e-01
-6.156410239332729128e-01
3.421831117485322205e-01
-4.013875344045078064e-01
7.493961562982642821e-01
6.580675689784067917e-01
4.506753504948700639e-01
7.864885287311532136e-02
3.854795795898990907e-02
2.704018344875147584e-01
6.683836554363933313e-01
-9.952901160483528242e-01
8.389041802582992702e-01
-8.896957843685340261e-01
1.000000000000000000e+00
-3.488098495229433049e-01
-7.388382192041502705e-01
-7.536917837917261886e-01
1.000000000000000000e+00
4.172198531564773050e-01
-1.000000000000000000e+00
-3.526580833990934361e-01
8.811057708986781423e-01
-7.379231308854719007e-01
-5.813989820208823600e-01
-9.775211233286749124e-01
-7.408994554277107403e-01
-1.000000000000000000e+00
1.000000000000000000e+00
-7.536524619306652628e-01
8.239020120077957809e-01
-3.927748080398344444e-01
-7.464011421774002786e-02
-7.872064824065174715e-01
1.000000000000000000e+00
7.351682353049313612e-01
7.721837428926532354e-01
7.481200587628993315e-01
-9.002333892748026756e-01
-5.930918423320978849e-01
-5.983288970494882175e-02
7.574419584601052580e-02
-4.086061448392392381e-01
-9.106037254422626459e-01
1.000000000000000000e+00
-8.426926218406322056e-01
-1.000000000000000000e+00
-9.607964353931265356e-01
-2.462445612587124688e-01
-1.000000000000000000e+00
9.199820993852103612e-01
4.660950301725808043e-02
6.604214385087702199e-01
-5.833635664151860523e-01
-7.339847942579190709e-01
-3.793393287896157928e-01
7.216518031426499835e-01
5.201148055321628272e-01
4.365906003965965843e-01
6.903262307401851761e-01
5.383409502606570918e-01
-9.021605999596231384e-02
-2.026128518011971469e-02
-4.319447873642463520e-01
5.164782945285173454e-02
9.545729152306918763e-01
-1.000000000000000000e+00
-6.433407146520245812e-01
2.558149215018665767e-01
4.669436774987041905e-01
8.491716898804027025e-01
1.000000000000000000e+00
8.436538081718181203e-01
8.585674699908402152e-01
8.813623644122089429e-01
-5.064825359342624012e-01
-2.875207022198491558e-01
1.000000000000000000e+00
4.781083387623963343e-01
-4.170944563231994140e-01
-1.283588060994286517e-01
8.018037743666259765e-01
8.381498120617431047e-02
-9.738774304145288163e-02
1.000000000000000000e+00
3.778171956096257333e-01
8.520263316043898971e-01
-5.221519723786360867e-01
9.114635026506110460e-01
-3.530966371163494766e-01
-9.096841509176673002e-01
8.369364272527025639e-01
2.712777479704983064e-01
3.986339951337686260e-01
7.928465976188474595e-01
-7.501968807085704904e-01
7.541721682747460909e-01
7.202629146784725878e-01
-3.848659472497735767e-01
4.403274278249286189e-01
-1.537463832406892328e-01
-2.903393841050717628e-01
1.000000000000000000e+00
-6.187925010178371155e-01
1.000000000000000000e+00
-3.171495808778321268e-01
-4.717548212868465929e-01
2.832842971578798941e-01
-9.507808087363467386e-01
-5.178373565740070905e-01
-5.669696639474135491e-01
-4.226353709257296143e-01
-1.000000000000000000e+00
-6.017783639164951959e-01
-7.906160019427076469e-01
6.499834716489042430e-01
1.491663625340233779e-01
-8.203530627903693473e-01
9.145401817952236723e-02
-2.879123352157866855e-01
-5.570769926132135286e-01
-4.760923989810932899e-01
-9.297385529394069925e-01
6.311596808689745597e-01
1.639172170049299493e-01
-3.464122775991037573e-01
3.807078035854309928e-01
7.577255010197492258e-01
8.046751363914272925e-02
1.460599267705058324e-01
-8.107059655922863595e-01
-3.366285681370021488e-01
-1.000000000000000000e+00
-8.443460407988003791e-01
-9.435580739516554738e-01
-2.500731583721629847e-01
2.863704562362479056e-01
-7.300617941904968822e-01
5.328929235432455780e-01
1.000000000000000000e+00
4.088853647057369978e-01
-4.867748002085664494e-01
-3.867638070447726450e-01
5.490703519071440386e-01
6.389429174142709222e-02
9.515258521127181179e-01
9.283772288670444350e-01
-1.035285511164330541e-01
1.030195500892379934e-01
3.969690530499749848e-01
7.771853150436744961e-01
7.804483287477745335e-02
-2.205468605664573922e-01
1.774204720868451102e-01
-8.338606841710344275e-01
4.092105109081094483e-01
-3.456992962264642255e-01
-6.154599310276979152e-01
-4.090708146148349100e-01
1.593931383771047261e-01
1.740002204283708775e-01
-8.291775705676955877e-01
3.693033270462083850e-01
-9.565291271145163199e-01
6.040062630774929442e-01
1.255888707138351212e-01
-2.160415222226269583e-02
8.259938034570275533e-01
-1.000000000000000000e+00
1.000000000000000000e+00
5.948865692798666061e-01
9.786133553467251112e-01
-6.381034997376833218e-01
-2.948402124491224519e-01
-2.804202068572174689e-01
7.791342972104808862e-02
1.000000000000000000e+00
3.181777776472544117e-01
-4.368457619494993671e-01
-1.937849300713437584e-01
-9.439804964049209879e-01
9.652154635979678377e-01
-2.952737865285623986e-01
1.000000000000000000e+00
-6.668176350454286805e-01
9.673992043135166696e-01
1.000000000000000000e+00
-1.415079664242013813e-02
9.431441194198976197e-01
6.003722441006854593e-01
-1.238615951590055497e-01
-1.000000000000000000e+00
9.631582978935339101e-01
1.460562093024400931e-01
-7.624970342186677685e-01
-7.058121596445943169e-01
2.314216890462237886e-01
-8.186942362666785877e-01
