-5.069025450589319526e-01
-6.092205280762159614e-01
3.603465649414647198e-01
-1.000000000000000000e+00
-5.270226101817003794e-01
3.637194052671074984e-01
-5.788943267001049886e-01
-6.256543052247962589e-01
9.013927151555628514e-01
-6.204298445956604180e-01
3.894285860987714565e-02
2.147792697054906053e-01
7.557203053367084200e-02
-7.638124467666926320e-02
1.978595223609411202e-01
2.746735679316775203e-01
-8.184232677679561530e-01
3.446118615596527324e-02
1.000000000000000000e+00
-3.974893156490900692e-01
-1.000000000000000000e+00
-1.121995782000069358e-01
4.844633827283456595e-02
-1.497133067229706183e-01
9.093951712094436868e-01
8.919274663395357905e-01
-7.888304624123760878e-01
-6.759568038142739210e-01
7.178022562247630134e-01
6.961528542488663041e-01
6.771591438328284918e-01
-3.306376507674722021e-01
-5.334091889793072250e-01
-3.468373808536510672e-01
7.364086476974281981e-01
2.682811560859598154e-01
1.000000000000000000e+00
9.604388523443768699e-01
6.206162546847232564e-01
2.074864383442999172e-01
8.157529918393602308e-01
-9.257840230351812583e-01
-2.266367357859441489e-01
7.029267882318971372e-01
-9.842023886559528312e-02
4.595414191028085460e-01
6.327331391833007634e-02
-4.330122105276701383e-02
2.882801083894970251e-02
1.529962998727926460e-01
1.000000000000000000e+00
9.900104327302043927e-01
1.252131414798104414e-01
-5.746176549681483170e-01
6.267183981409956139e-01
3.843977807072020414e-01
2.996318504588333931e-01
4.703192725364740423e-01
-8.124366757512296866e-01
-3.959955646151785413e-01
-5.485548895589338336e-01
-4.197051827383299072e-01
1.000000000000000000e+00
5.899254702815640572e-01
-1.486621462872312061e-01
-2.642816077499113847e-01
-1.000000000000000000e+00
-1.000000000000000000e+00
1.445458927510922809e-01
-2.393735499691829471e-01
1.000000000000000000e+00
-3.814092839303114268e-01
-3.209683997342770434e-01
1.758065017114383843e-02
-9.043647954250751964e-01
8.248285357869979961e-01
3.040794688063216400e-01
1.294564893473023892e-01
-9.674413199159652699e-01
-1.735878513591971595e-01
2.326009702092339260e-01
-4.057542099890076859e-02
3.419311075632959218e-01
-7.618140997016890070e-01
8.374168514648291373e-01
-8.592115654871042008e-01
8.116663706029649816e-01
-4.474065828918656895e-01
-2.435000862390539755e-01
5.505223251784294725e-01
3.380946690195579807e-01
-7.058782653235098348e-01
5.325893300691381116e-01
4.855122245050421115e-01
-1.750252010919342016e-01
1.000000000000000000e+00
4.157944308635747044e-01
-8.187253700117271826e-01
3.278108717493824487e-01
-1.804856988808987150e-01
9.953979739686635853e-01
7.552166543737270921e-02
-2.452641398952314089e-01
1.075196924664232195e-01
-3.013388895585563526e-02
2.458421224079994638e-01
-1.219390552237973185e-01
4.988204667436536566e-01
-8.062119173155379848e-02
5.297702212518190512e-01
5.829690714088149317e-01
-5.691069155965980952e-01
-4.372556162697887605e-01
8.345108162823074993e-01
-2.733140858381196692e-01
1.193805345216382430e-02
-3.612095732323821751e-01
-1.000000000000000000e+00
7.385589139688560900e-01
1.926926762614075694e-02
5.573503505151244930e-02
-8.647514215070529753e-01
-7.195480926633837093e-01
-5.843214289171028142e-02
1.842024097244386316e-01
-1.000000000000000000e+00
-6.249385243806245827e-01
3.362238608498872017e-01
-7.310111887468637715e-01
-9.497481869813305666e-01
-2.085028372855920464e-01
3.403512922106585181e-01
1.000000000000000000e+00
8.816306397382146498e-01
9.205450777075556701e-01
3.254724616651784308e-02
-7.896326514391585061e-01
8.350019798231351764e-01
-9.028310866443862714e-01
8.871534827569158010e-02
5.651941051487368028e-01
2.318617195157534339e-01
1.000000000000000000e+00
-7.769285728465585850e-01
4.583292535794346034e-01
-8.877873735369998798e-01
6.124239210770094921e-01
-1.000000000000000000e+00
-9.375087540834273758e-01
-1.000000000000000000e+00
3.023222231751673816e-01
-3.887077034726054148e-01
9.440928472710180541e-01
-3.308449331241857250e-01
-1.000000000000000000e+00
-8.434088669558774676e-01
3.065298578035955956e-01
-3.311401366173627459e-02
3.002520829895305443e-01
-8.782822059615227328e-01
-3.222699955418547035e-01
2.458970238460869429e-01
-8.890425191495040513e-01
-9.242041637791611475e-01
4.345297636757270987e-01
3.847470811008856795e-01
5.928167928692513744e-01
1.782758745774033482e-01
-5.272333838770681957e-01
-5.817058775174126506e-01
-7.028839495922800662e-02
2.242750383228589994e-01
-1.542671147457558567e-01
-1.000000000000000000e+00
6.898513743351832872e-01
6.375863054017074649e-01
8.081936047942666068e-01
-2.695322425914592479e-01
-8.671191322994470374e-01
-9.763131153537790707e-02
-6.017710732824183006e-02
1.000000000000000000e+00
-1.000000000000000000e+00
-1.000000000000000000e+00
1.633551732992858940e-01
7.819329733962402385e-01
5.931056736312660949e-01
-9.957085718252374484e-02
3.486735399588536399e-02
3.469574125108002560e-01
-8.462738557613902479e-01
-9.888692513408586793e-01
3.966148025194456972e-01
3.881399048178489630e-02
-3.019369009563115380e-01
1.811818347691113995e-01
-8.451329331454056071e-01
8.958609144409351854e-02
-2.872158771345939554e-01
4.710766186474577566e-01
9.919908400838606255e-01
6.059745524739197364e-01
6.905585263448063005e-01
8.005238911662314605e-01
-5.591469878759650625e-01
1.444456637141754429e-01
-4.477721294316727718e-04
6.776300418576702844e-01
2.242858963133565475e-01
-3.600345113055625212e-04
6.133465805472034793e-01
4.961898091757321883e-02
1.893838317387691872e-01
-1.648506517191883347e-01
-9.080154729780229861e-01
-6.355205531575026656e-01
-4.417925484039318951e-01
6.080986299696942154e-01
5.489571309288422407e-01
9.198511894974981118e-01
3.450806560044963889e-01
-9.253697177459232481e-01
1.559843744189993719e-01
4.663211155312811940e-01
-7.127435814695227689e-01
-7.222952062723823063e-01
-7.331907586086454653e-01
5.925484639494469352e-01
6.446954859218024803e-01
6.537697032861102819e-01
-1.479044791020384664e-01
-6.676034729706687987e-01
1.165721980849464823e-01
-8.681455610559024594e-01
-7.033224635085334464e-01
-7.201056017380684793e-01
1.931091139604609874e-01
1.000000000000000000e+00
-7.215925811291044045e-01
-6.046511714734373322e-02
7.948319322458985425e-01
-7.193002393413123752e-01
3.624102997509963675e-01
4.349189969503743924e-01
-6.644740699219238156e-01
-2.917305950832533856e-01
5.564808589162392738e-02
-5.074606306458219196e-01
8.457601400952345916e-01
6.447856015203503599e-01
-7.294331671000042761e-01
7.710757060547142050e-01
9.868039637001805309e-01
6.149273323803534641e-01
-9.203424332604309699e-01
4.230976382768958932e-01
1.000000000000000000e+00
3.166515921394569277e-01
-1.427428893998968495e-01
-6.212616977883818059e-01
1.934139475304604283e-01
3.041576834443928679e-01
-3.844242040768858226e-01
-2.943821837770432270e-01
6.360606070710164706e-03
