5.978206903370298919e-01
4.239583920853897681e-01
-3.817603889367515713e-01
-9.639253043252689057e-01
7.368600971342577077e-01
7.394789243049086913e-01
-1.212052441531087932e-01
8.856368814723651894e-01
-9.648559995969471781e-02
-1.000000000000000000e+00
-1.564665096311022574e-01
2.306237135783310854e-01
7.048735881104284395e-01
4.109553904233642085e-01
-7.407989456118104776e-01
9.350962013108764515e-01
-3.012869519812740315e-01
-6.055810617355578129e-01
4.308415513587315893e-02
-4.078336272645057825e-01
5.101487546037520859e-01
1.111431597383671921e-01
4.550733397366442112e-01
4.350143258280871894e-01
6.118553200450611573e-01
-4.225729908199706841e-01
-1.389794471865734848e-01
3.999495548382172028e-01
-7.831154794689492160e-01
2.513933856648713494e-01
-6.636195122440440297e-01
-8.140708875428025459e-01
-1.124160330361825832e-02
-1.716718790800966787e-02
8.386285123218674420e-02
-6.395177752340408528e-01
7.610723368529322963e-01
-1.229590984303676748e-01
-2.424207135761442811e-01
9.931797907406517689e-01
-2.170612107581698369e-01
-4.866293437153015322e-01
4.365020002362061113e-01
-7.721509592704710601e-01
-5.737110981354373029e-01
-1.000000000000000000e+00
5.439992754504632266e-01
3.280847544874952726e-02
8.025133990897641567e-01
-5.396832148755092984e-01
-2.855556778165483922e-01
-4.989241745683872242e-01
4.132828677537521145e-01
1.523662142930338748e-01
7.957756386525729475e-01
-1.254707224941111754e-01
-9.660144232460950997e-01
9.885691812162213932e-01
-6.097055736094608713e-02
1.000000000000000000e+00
-6.476910365389521029e-01
1.592629516472593154e-01
-7.641234166432200325e-01
-5.264381770572350572e-01
8.439136892650000998e-01
-7.888537964069147757e-02
-1.870662625179625449e-02
-5.471842442578059851e-01
-1.573505632492264439e-01
5.956770945134439721e-01
4.578190521304840721e-01
6.176115351686740640e-01
4.325878530076330275e-01
-7.945902207858880351e-01
5.050723344500789302e-01
1.086774706899342746e-01
-2.750207412492536863e-01
-3.119018249794571207e-01
8.479673578941994139e-01
-1.771285074543842153e-02
-6.771814493888240749e-01
-1.000000000000000000e+00
2.451081126157575452e-01
4.565711705044205315e-01
-4.854232919413358771e-01
6.140760424366220604e-02
4.079541612281336604e-01
6.311923350966053281e-01
6.142066915552075734e-01
5.611880887058223744e-01
4.503440757851396858e-01
6.299299617069590296e-01
8.110492989047222157e-01
-7.560357603026959250e-01
-1.338694807570204870e-01
2.151564464476853067e-01
4.371128492466249682e-01
-1.000000000000000000e+00
-6.869934105934564217e-01
1.418934452351749975e-03
4.487492638137211554e-01
4.767429054170979064e-01
8.887004111042290377e-01
7.933734415192225664e-02
-3.228404428919530167e-01
2.791500684478464001e-01
-1.000000000000000000e+00
6.015037460687238102e-01
-7.459548726355215154e-01
2.208467256363158548e-03
8.371018739859452662e-01
-1.000000000000000000e+00
-7.225880752716211664e-01
3.757230640473434580e-01
-4.578025826229490391e-01
-4.569051135078985304e-01
-1.879507778577843014e-01
-5.774822144004101432e-01
-6.102299988803693287e-01
8.651031803782516238e-03
-5.110427278452025490e-01
-4.045791637411484953e-01
-4.472650890416046687e-01
-9.871629422177364832e-01
-5.493294040987306559e-03
-1.251318504954962441e-02
-9.262004589866242865e-01
8.099092979018089888e-01
-5.695584154830470869e-01
9.773972321060443447e-01
5.658698776863027580e-02
-7.866975749491930126e-01
1.000000000000000000e+00
5.259863497767983676e-01
-4.156355327007136280e-01
-2.981594272169499349e-01
-1.763731114831312841e-02
4.150919546378937786e-01
-8.702700750788358031e-01
3.463828184602286697e-01
-3.284101469273674745e-01
-2.847900209420477502e-01
-3.021893607659075776e-01
2.393571445528727692e-01
5.603992539682117746e-01
4.031927293182582805e-01
8.171336033756751993e-01
1.197764489982702796e-01
-6.522762230644951753e-02
-1.748909659812968309e-01
9.545102830247083059e-01
-2.797566091585143022e-01
-9.264938176166910289e-01
-1.548718493559186893e-01
-1.197620552854721521e-01
1.000000000000000000e+00
6.409163149838077445e-01
6.831120313488575624e-02
-7.092766731096265820e-02
8.559065866489470320e-01
7.758244746777782919e-02
1.000000000000000000e+00
-3.533781108614370559e-01
1.000000000000000000e+00
7.143963733463440935e-01
-1.000000000000000000e+00
-1.105561058228429760e-02
1.620705686753261265e-02
7.481957598842621238e-01
4.149674639406020216e-01
2.778216741972562298e-01
-1.940610017770772744e-01
-2.721954915335824676e-01
7.924302501418509781e-01
-8.315116654828480502e-02
1.521969927271092649e-01
-2.593195002607619204e-02
8.365421690822947287e-01
1.000000000000000000e+00
6.606531327160425349e-01
1.131470625567648353e-01
-1.000000000000000000e+00
6.754923519800842824e-01
-1.642172635039108042e-01
7.764901844153260235e-01
9.565991124101684839e-01
-3.602537162195446063e-02
9.109845476630089589e-01
7.502237860066411912e-01
3.655993136447132641e-01
-4.199216631689359769e-01
7.862687140927147045e-01
-8.915863487240185403e-01
1.000000000000000000e+00
-3.977754836432958463e-01
3.639544434897381553e-01
-8.457182970439428571e-01
-3.459800904842416092e-01
1.000000000000000000e+00
-6.629625011079257058e-02
-8.867874795290386913e-01
-8.234351347757237205e-01
5.460494209147361833e-01
4.238947928668676535e-01
-9.850783133116858270e-01
-4.938344575212366694e-01
2.278078850059698512e-01
1.916278990608575594e-01
2.893712310226893014e-01
4.685858508834823688e-01
1.125341173034001829e-01
7.426189287454891819e-01
1.185366599267486665e-01
1.000000000000000000e+00
7.951800903506470730e-01
-9.311780266602840417e-01
8.453263505516432907e-01
4.374809084076387022e-01
7.739153748184375292e-01
-1.615343149977137571e-01
7.955984400447042582e-01
-6.063525032665694203e-01
-4.971593141802984062e-01
9.374439930678751809e-01
1.656496614380051358e-02
-2.696816374218663492e-01
-9.659280983848584912e-01
4.159012113744864347e-01
-6.793505150585592567e-01
-5.127361830842226409e-01
1.559871550490725123e-01
-1.000000000000000000e+00
-8.342755074132970350e-01
2.226065151077938620e-01
-4.600578649857141045e-01
-1.157808125947610844e-01
-6.965996260083788805e-01
2.432172921806530219e-01
-1.525389967569089067e-01
-7.854019478754531436e-01
8.139083796102787316e-01
-9.272641835414184852e-01
-1.000000000000000000e+00
7.144628311074745497e-01
-4.613598711574020683e-01
-8.915734808209287987e-01
-3.422645408588503857e-01
-4.370873606976150572e-01
7.617252669831278133e-01
2.499079705907578108e-01
1.910231381465231082e-01
-1.000000000000000000e+00
5.734861300380664773e-01
-2.463335710585560223e-01
-2.691988985200853834e-01
-3.619258143312619191e-01
5.641290022185141417e-02
3.003810250324737696e-01
1.396632209591609775e-01
-1.989853475210415223e-01
-5.021913431254987348e-02
1.000000000000000000e+00
3.579674726993672951e-02
1.000000000000000000e+00
-2.468568647504074121e-01
