-7.886398421756755095e-01
6.034646914567306508e-01
-9.771791548035841934e-01
6.318479678718655346e-02
-1.871805551853297500e-01
-1.919185614231526671e-01
1.976319285534275383e-02
-4.437729350438151532e-01
-1.000000000000000000e+00
7.039461549410244157e-01
4.263342170650812335e-01
6.133375516722947562e-01
-7.906557771377958899e-02
3.979741310288723577e-01
9.627802955803654861e-01
3.919771532481622911e-01
6.153638774668983569e-01
8.952642262083777558e-01
6.171788133959719147e-01
1.359109866874410599e-01
4.299763682020593114e-01
3.617020360810601076e-01
-6.729343712273796463e-01
-3.847164437597994646e-01
5.288541468183922956e-02
6.868868340503930803e-01
2.842058082447648237e-01
6.861038525883504935e-01
1.259094023199841261e-01
6.137043580877782345e-01
1.883169816903464133e-01
4.483852454210520699e-01
-7.409002981770418383e-02
1.939683587188037739e-01
3.507324489835719761e-01
-7.049053182565498954e-01
-4.725505121163123823e-01
-1.000000000000000000e+00
-6.714898008296030785e-01
1.219565572094097605e-01
-8.419832292035733801e-01
-1.000000000000000000e+00
9.115256813564534544e-02
6.994589382643984221e-01
4.000526415908055577e-01
6.463528767705553069e-01
5.518610050417569468e-01
9.392397195323078929e-01
4.691876884105905532e-01
-5.355896965583870628e-01
5.625702401148903187e-01
-6.708619818167702586e-01
4.417564084262759483e-02
-3.551591065606692910e-01
9.565047912219593051e-02
-6.711137871726848836e-01
-6.430149338827336747e-01
-7.199401742110658198e-01
9.448410349210638604e-01
6.052591157389196619e-01
-6.767960078180634831e-01
-6.989563120135601215e-01
7.489186111125856193e-01
3.560476794383004573e-01
-3.482303718606972187e-01
5.213059292319717208e-01
-8.107294383222556078e-02
1.000000000000000000e+00
1.999117986059747998e-02
-2.965909764953759131e-01
-1.862473716835261195e-01
-1.690525185733285918e-01
-4.396057334710096742e-01
4.449456562104814328e-01
-3.974427983979871848e-01
-8.631491733011128487e-01
-8.023876553250710586e-01
-2.934211112795577850e-02
1.000000000000000000e+00
-1.000000000000000000e+00
-6.305684677198443167e-01
2.761237976188912757e-01
-8.030507953551928590e-01
1.732553962806002157e-02
-8.845852615588681855e-01
4.766136708433545977e-01
-1.000000000000000000e+00
-1.872420375592606656e-01
-7.044869636427755211e-01
-2.545377942007869265e-01
-3.321213422181830133e-01
1.492253840244731067e-01
5.676932379341911306e-01
-3.733345477783128752e-01
-1.591352427258338476e-01
-1.893032025212754155e-02
7.142416266114391954e-01
8.973175161824789026e-01
-5.416060252392170815e-01
-1.697681463924780032e-01
5.019626391032288026e-01
5.820013787828653973e-01
2.146984635093029947e-02
8.706770364710313126e-02
-5.239890841157291979e-01
-5.619113304647322948e-01
5.705827115649245856e-02
-1.000000000000000000e+00
4.224609193219234227e-01
8.627735365799660272e-02
9.311195296833353341e-01
5.230549391234036172e-01
8.966768693334532525e-01
-1.000000000000000000e+00
5.368573438089208061e-01
-8.590523214903816873e-01
-2.472081991607789631e-01
-8.325578144986177653e-01
-3.509325538777630094e-01
5.809843884372054013e-02
3.627332534962994792e-01
5.088129261522567059e-01
-3.232200733477346155e-01
-2.230559082762322287e-01
-9.317450907982898212e-01
-9.643691600258600394e-01
-5.165205540739231660e-01
2.608794593406866258e-01
-1.777772402308310240e-01
-6.798601004284554605e-02
-1.734206649532236272e-02
-9.308520655607079863e-01
3.863235621064080583e-01
2.822161170994748614e-01
-1.000000000000000000e+00
-2.726396776336273975e-01
2.177104474697761916e-01
5.943365022814048881e-01
5.953965311616741252e-01
-1.000000000000000000e+00
5.340103025352168631e-01
-6.887292215508942217e-01
8.734851648195991469e-01
-3.133176310082811389e-01
-2.149116836381426976e-01
-8.515120697344489287e-01
3.888019861529091736e-01
-2.267751485171204395e-02
-6.695226837559721256e-01
-8.310662213492149286e-01
-2.768238077632742544e-01
3.728590668885761739e-01
-6.870307151310374172e-01
5.905131139528840833e-01
8.874669739357575748e-01
8.162237236033373922e-01
-6.829398407228142176e-01
-1.000000000000000000e+00
1.000000000000000000e+00
8.405924121808057148e-01
4.668838553680857428e-01
-6.115723289307721799e-01
9.179509775716448994e-01
5.943522301788798368e-01
9.023953059306489832e-01
-7.951278889170088071e-01
4.765703948386550981e-01
8.158585378198492943e-01
1.000000000000000000e+00
-9.736695478301000684e-01
6.729626685258957020e-01
-8.339561696584247841e-01
1.776531792940690968e-01
-8.184955636020976311e-01
-3.802478195362702373e-01
1.000000000000000000e+00
1.846179420920092407e-01
5.999858151650273586e-01
4.332437514306517468e-01
-1.537019581085310449e-01
-3.791060020961949384e-01
-3.084514470493251448e-01
-5.578832210482560505e-01
-5.899671388254613680e-01
1.930821366298910158e-01
-5.125422468482473404e-01
7.664975964238252004e-01
1.000000000000000000e+00
-4.180520252539273174e-01
-3.875454293019001684e-01
8.473573415526386432e-02
-1.039934173877447299e-01
-9.292803830394119613e-01
-1.927590282627943130e-01
-9.738465650171028720e-01
2.151571904051667039e-01
2.399072417559851567e-01
-1.222719939100159470e-01
-2.621621435364189789e-01
9.860525643775180926e-02
4.401133667704812957e-01
-6.505189025231649103e-01
-7.467795391870215571e-01
3.676496690200129480e-01
2.523891793991579063e-02
3.085549148365477889e-01
1.000000000000000000e+00
4.971587345238521749e-01
3.598482030521932273e-02
-1.587610958409138850e-01
-4.905471457089451426e-01
-3.850753217956952579e-01
3.000595414265190553e-02
7.430996313396568409e-01
-9.774957643345441038e-01
-5.748766231635031865e-01
-6.443707626556949286e-01
-7.009954211891322728e-01
8.961392423739339419e-01
6.377282860825850275e-01
5.921263286053846109e-01
1.000000000000000000e+00
-6.301500995704282237e-01
-2.235663182084040024e-01
1.060427148135713316e-01
-5.244241767884453287e-01
1.344006257006078453e-01
-1.601601982122299872e-01
1.000000000000000000e+00
4.661638063593442904e-02
1.000000000000000000e+00
-1.000000000000000000e+00
-5.833623910581333671e-01
1.000000000000000000e+00
4.405586995320981414e-01
7.557465206833371418e-01
3.396469607529368218e-01
8.042586110566888324e-01
-5.547833615559145670e-01
6.869370349898461514e-01
-3.426716302175344397e-01
-1.000000000000000000e+00
8.452058246441330747e-01
8.995477893102659106e-01
2.348112545540998741e-01
-8.447035612987834341e-01
-5.134234720777227645e-01
3.999083521604768210e-01
5.330464875185864093e-01
3.920161542759164619e-01
-8.102005129198022182e-01
3.987635351259964933e-01
9.439322758703801997e-01
-4.553470757519230694e-01
-7.186343816100022597e-01
5.362306572703122720e-01
-7.185230303848992861e-01
5.212786779359254163e-01
5.136692373086994001e-01
9.263945422408029762e-01
2.545003827574989219e-01
2.267006569246104997e-02
-2.312088831546378898e-01
-1.000000000000000000e+00
-6.259765890910373720e-01
