-3.937388698461661285e-01
-2.766426334194350134e-01
-3.557113664357060001e-01
8.782763964508542021e-01
-8.605758844311417466e-01
7.427960913946992649e-01
-5.460979892489128407e-01
-6.005415384853860505e-01
-5.563636440658523696e-01
7.944603886990140307e-01
5.089907213797535412e-01
5.308299523578069445e-01
7.486658815046458582e-01
-1.000000000000000000e+00
-2.185206991038677327e-01
4.676102493419090345e-02
-3.065493662616840531e-01
-1.000000000000000000e+00
7.658651186684783951e-02
-9.136833211532712218e-01
-1.293755459134299235e-01
-8.263914538156342804e-01
5.203469078118463376e-01
8.503192118588530635e-01
9.021331119245926122e-02
-8.147380340707039981e-01
-4.782590582965956516e-02
8.411563172773679486e-01
-1.453900549551210841e-01
-5.343382299018666348e-01
5.862030006023040141e-01
-7.256194472047349242e-01
-9.478535942004718828e-01
-4.540038410781286338e-01
6.120370797032561594e-01
-8.357706182845654475e-01
-1.095424318788950080e-01
-3.946281194260496394e-01
-3.991702668134368415e-02
5.466780122324499391e-01
4.853377740624031378e-01
7.304583444877742471e-01
3.637813687684811059e-01
-3.903264858776623325e-01
-2.790759417699886225e-01
-4.322578031063082915e-01
-2.571218734223366664e-01
1.362667233955591750e-01
7.006888480584767542e-01
4.756826582616358601e-01
-2.532819724164367403e-02
-4.488478892903384199e-01
-3.150862512663428205e-01
1.191782368276113196e-01
-8.549347334606272053e-01
4.301904026102431472e-02
1.000000000000000000e+00
1.000000000000000000e+00
8.894088130293638095e-01
-2.075629128313187521e-01
-9.734235272317797172e-01
5.800328457341332733e-01
1.487994208404307961e-01
-1.121343381092422542e-01
4.378838430085711941e-01
8.210921385517279125e-01
-4.235681974500262736e-01
-1.175818813008694674e-01
-2.214217792742117497e-01
-1.000000000000000000e+00
-5.555070532835991726e-01
5.435843051772022427e-01
1.000000000000000000e+00
3.847449243973707356e-01
2.834385478833376104e-01
5.210823942297978517e-01
7.508686160816029354e-01
7.930289246824693272e-01
4.329370196105925550e-01
-1.000000000000000000e+00
4.562622916128258876e-01
-1.857375873871271454e-01
-1.000000000000000000e+00
6.062346274545602487e-01
6.410366223967784993e-01
-6.571906864013992156e-01
8.592651922459412228e-01
-8.905252216825685352e-01
8.016545137109887254e-01
-8.345353004436411037e-01
-5.569974219387706649e-01
5.682542885876394889e-01
-1.000000000000000000e+00
-2.004906961690454681e-01
8.171457684997249782e-01
6.151779007235695929e-01
-2.089126714767385873e-01
-8.024239613300818696e-01
-3.626432086918869313e-01
6.919635392849654565e-01
2.237266875915514541e-01
7.420971085254799426e-01
2.798040093538533002e-01
-2.999161386190443146e-01
5.641681287500397435e-01
2.371926393089332230e-01
-8.282893557822579300e-02
-7.153102755629654474e-01
-9.202137616693386590e-01
2.097368847194476249e-01
-4.750775130164910931e-01
-1.931464825150438214e-01
-2.666759415341037331e-01
2.328188908161035187e-01
4.331579177188185081e-01
-4.142831456599134765e-01
8.118569172057488181e-02
-1.592381978015380839e-01
4.013988194755065408e-01
5.188997739244048946e-01
-9.511784900979265434e-01
4.171391588152355556e-01
-6.609403052783221488e-01
2.064910451784199297e-01
-1.063977239665492291e-01
9.059622311663013683e-01
1.202178610851405843e-01
7.044088219631969849e-01
8.620104875528843413e-01
-4.022186799323479445e-01
3.665639839458495475e-02
-2.595333038696856498e-03
-4.696117042111352946e-02
5.346968161141726350e-01
-1.498337139379645466e-01
5.900429650136573834e-01
-6.099954744225918324e-01
3.002597573906302664e-01
4.297342705302954480e-01
1.000000000000000000e+00
2.935554680811680028e-01
-2.077392297550330613e-01
2.933385478839093952e-01
-1.895483089328136583e-01
-8.136535508057178845e-01
-2.504983001233415107e-01
-2.886659458322675675e-01
1.000000000000000000e+00
8.642546068032851136e-02
3.906796805668464878e-01
7.336539840883603558e-01
-1.857103186690420293e-01
-4.839964348310545894e-01
2.439011588552014442e-01
1.000000000000000000e+00
4.230589738557917201e-01
-1.000000000000000000e+00
5.216976784976025405e-02
7.939742441657459127e-01
2.050529746490045435e-01
5.407621125372743531e-01
7.526010906863108696e-01
-7.039982150264224581e-01
-8.583934983117127437e-01
-9.512144179522266096e-01
-5.047297384025497408e-02
-6.991907344936754143e-01
-7.615870691832771211e-01
6.995214924723055505e-01
-9.515202292333999612e-01
-5.880914993411103797e-01
-2.096371249089397371e-01
8.659435053588219189e-01
-4.720089447371733637e-02
9.775519116243921447e-01
-7.374280651789126839e-01
-4.222856304460556043e-01
-8.234947553028311162e-01
-2.410508521479715061e-02
-3.768302372775650388e-01
-7.790414706517809762e-01
3.165329496244733143e-01
1.568848526573209667e-01
1.000000000000000000e+00
4.979998131398863936e-01
-1.000000000000000000e+00
-7.525575029248714465e-01
5.466811490142710062e-01
-3.548496340603688459e-01
2.302100566343149302e-01
9.175719209144991284e-01
-5.692449736915026204e-01
-4.392780967433435046e-01
-1.073561484156878021e-01
1.000000000000000000e+00
1.000000000000000000e+00
-7.985034022107734275e-01
6.581056836489609374e-01
-6.513791217786617516e-01
8.872235082300955478e-01
-8.161775653563090316e-01
-7.333828901537238487e-02
-8.075936991362888673e-01
6.737736971870955660e-02
5.478646719465690706e-01
-1.177000549993670320e-01
7.646638706831262455e-01
-2.587716346841478776e-01
-5.729078591486643779e-01
5.425972418652345031e-01
-6.376176756014551028e-01
1.816560613563507343e-01
-2.906441756724384984e-01
3.642570279557139079e-01
5.736401069005152564e-01
-1.519484370381842253e-01
-1.286194071451625676e-01
-1.951204384156474125e-01
-8.418776760628021716e-01
-7.243474397558231637e-01
-3.045104301256128521e-01
5.665002378397948624e-02
-4.501060728046125670e-01
6.425173663516807743e-01
9.763790950144002334e-01
-5.556199345455283822e-01
4.289932739409071383e-01
1.000000000000000000e+00
-2.171093565424690175e-01
4.227512867899392290e-01
-3.824908534646077607e-01
6.751096162849938853e-01
7.738619306624979766e-01
6.878656505390634557e-01
3.399760235705750477e-01
-5.867661274055694376e-01
-3.619798107171727231e-01
3.918820050655307252e-01
-8.816836532108567326e-01
-3.022466892047926401e-01
-6.089825686436927121e-01
-6.134697005649808466e-03
2.565616090696380969e-01
9.351143249728832707e-01
-7.211432438322148419e-01
-8.473923757680273949e-01
-6.207614644570521589e-01
-2.390250401298527339e-01
-4.276860778503666638e-01
5.800126380696226658e-01
-1.000000000000000000e+00
7.176358143448424709e-01
1.000000000000000000e+00
9.381086141100634102e-01
4.990089800022077249e-01
2.673523329901636991e-01
-4.443957405934044758e-01
5.751512570468138019e-01
-8.658934032446694573e-01
-4.423579706935770184e-01
-5.998214388681708531e-01
-1.000000000000000000e+00
-1.524078841709548271e-01
-1.000000000000000000e+00
1.122102077658802544e-01
