9.059318538573554180e-01
-6.093967315796107176e-01
-6.907264794522589568e-01
2.402237143828832300e-01
4.882458654150074739e-01
-4.768207541221483048e-01
7.745543108874328175e-02
1.000000000000000000e+00
5.769921103212699576e-01
9.003181836174513064e-01
4.671403027039150446e-01
2.325623946712019052e-01
5.382965359975910857e-01
-3.117037606768701674e-01
-1.000000000000000000e+00
-7.132615785059990277e-01
-2.311819233134927432e-01
-8.216879251300428233e-02
4.322701160918125396e-01
8.998832986564180292e-01
-3.136709206041740639e-01
6.297979928872985411e-01
-3.977681002730580340e-01
8.521416620010439091e-01
-1.831294845121609338e-01
-9.040672196879792066e-01
-3.105661542837554467e-01
5.912296950685846930e-01
4.903454818517298808e-01
2.330843055955382215e-01
9.238869705682088984e-01
1.000000000000000000e+00
-7.062590155492294297e-01
2.868915353652026212e-01
1.181248242945259763e-01
4.688977122795956465e-02
-4.964313885982119534e-01
1.022599095587634621e-01
-5.048243779175403123e-01
-5.256690586006277366e-01
-3.905655718503618368e-01
-8.989901006304278352e-01
-7.835885107958719953e-01
-1.000000000000000000e+00
4.038133963902558188e-01
1.000000000000000000e+00
5.889349045992694487e-01
-3.354351301909215821e-01
1.343699195985559314e-01
-1.734200926214137239e-01
2.944776214233272293e-01
-1.248688280450381966e-01
-3.870456951957495506e-01
9.508032334136393704e-01
-3.686735832628866560e-02
-1.392916451294214930e-01
-6.328081584678431071e-01
4.485806460214244451e-01
-1.417815208046865338e-01
-8.456222626519185881e-02
-5.207825980863204501e-02
-2.269684922718645526e-03
-1.157592678369196992e-01
6.733317174863138188e-01
-6.941911292604838746e-01
5.937406069333213132e-01
9.061491734180844304e-01
-3.841547841342984326e-01
-9.561269296324513833e-01
-4.033533240601266945e-01
-4.237273607687155885e-02
-1.000000000000000000e+00
8.401928396567224233e-01
-1.000000000000000000e+00
1.000000000000000000e+00
1.000000000000000000e+00
-7.783137173935998909e-01
1.860497152838050117e-01
2.371823627210672969e-01
-7.361588599427834612e-02
1.454630595032206930e-01
4.906106648827982530e-01
3.182724798171667757e-01
4.780893720245508738e-01
5.826025512079178181e-01
2.582496155641197944e-01
9.594532575590886125e-01
-4.939733893272778564e-01
1.000000000000000000e+00
-6.974381534012403794e-01
3.540431262087106457e-01
-6.582300233716964488e-01
7.992133634289124711e-01
2.722504101155135414e-01
3.316518530420111688e-01
-8.944621854103003145e-01
-4.902998560509453929e-01
-5.263898305537296762e-01
-7.545191497918988244e-01
4.834663326006641282e-01
-1.000000000000000000e+00
1.000000000000000000e+00
-1.000000000000000000e+00
-2.932294742942158083e-01
-5.686128649596522422e-01
1.000000000000000000e+00
-1.000000000000000000e+00
-7.820159886063678956e-01
-4.102247618091385828e-01
-9.735133483820090916e-01
-1.000000000000000000e+00
7.969853731490691984e-02
-7.259444287106132654e-01
1.000000000000000000e+00
2.274820393261792195e-02
1.000000000000000000e+00
-7.569347110367754539e-01
1.537850928564066244e-02
8.273173186543988367e-01
6.616577352884009944e-01
3.367457228696001947e-01
-4.920349235641441332e-04
-4.809401930347537713e-01
3.563760844669643379e-01
-1.836605482715225057e-01
-4.319895772708006731e-01
8.282425458409099495e-01
-3.067859926772352197e-01
-1.427869800029747949e-01
-4.031828464429267345e-01
-6.912401899424129859e-01
-8.887399406796809842e-01
7.615540491392939204e-01
-1.276722674155658932e-01
2.917056679020462173e-01
-9.638167993864964478e-01
1.547427206433067970e-01
7.208769996484463149e-01
2.551751060036423491e-01
4.081762860136853299e-02
-2.738934936792417618e-01
-4.533585847116020640e-01
1.457594910967397184e-01
3.950569212932339980e-01
8.009934652687977774e-01
8.000359436000228919e-02
6.260812602417489270e-01
-2.017712273211868801e-01
7.172015327437669674e-01
1.882108216408714951e-02
3.320110121429826200e-01
1.022585126492708552e-01
-8.636367079075080166e-01
-6.789849741563539487e-01
1.000000000000000000e+00
8.851893555762582189e-01
-2.353356912752162244e-01
-9.668555534539917673e-01
1.320898281226098869e-02
8.138874281848869074e-01
-4.206582616016879550e-02
-9.598480375975804169e-01
1.494139282802426083e-01
2.518208309825567537e-02
-4.303148767645826878e-01
7.664626453290579455e-03
-2.608737434151913726e-01
9.733552421334231708e-01
-6.844424786917296943e-01
-5.475909322199976614e-01
-1.000000000000000000e+00
6.429587583649926108e-01
-3.977344344442166890e-01
-1.000000000000000000e+00
-3.090812427534526119e-01
1.000000000000000000e+00
3.249411973980738111e-01
1.000000000000000000e+00
9.879399125256458358e-01
1.879716192583129053e-01
3.627910476454845323e-01
8.863827521202266579e-03
1.000000000000000000e+00
5.660172537585282937e-01
3.439731962326832981e-01
1.706553716482071548e-01
5.721829353521850070e-01
-8.753744319288294662e-01
-9.389670485777040776e-02
-6.778667906261259812e-01
-5.228039314252600489e-01
-4.983301212423201787e-01
-9.109257701348805192e-01
-2.760662566480772129e-01
4.445146234828866172e-01
4.015396689539599273e-02
-7.543924487531389333e-02
5.058301303784683567e-01
1.000000000000000000e+00
-4.258150241900465760e-01
-8.908876961369358582e-01
1.704004181687007735e-02
-4.560364940891323826e-01
-9.536386727206068725e-01
-6.174419596396025778e-01
-1.000000000000000000e+00
1.000000000000000000e+00
1.910321184211237755e-01
1.015243999131595909e-02
4.638157814040222426e-01
-5.884285317144604122e-01
4.414064826739849678e-01
5.806142532344074070e-01
-4.266658672811800557e-01
-2.518540765247635482e-01
3.612372587873724505e-01
9.019993773459525910e-01
9.299136853837910444e-01
3.763499924093482996e-01
2.808173094168178174e-01
2.794926726061233158e-01
1.717208987633073725e-01
-1.000000000000000000e+00
1.000000000000000000e+00
-8.492673654656094362e-01
-4.472739282853662179e-01
-5.718753975871978534e-01
-7.326053476301841449e-02
2.490739634383559720e-01
9.328593938054577928e-01
-4.250518778462493152e-01
-1.000000000000000000e+00
1.000000000000000000e+00
7.333873344630577051e-01
-1.388619457177812655e-01
5.394696966433040752e-02
5.449652359748701214e-01
4.761251964860719332e-01
-1.316485831319680055e-01
-4.562947553673812329e-01
-2.501892454620978645e-01
5.275785832899442251e-01
3.461881456004099467e-01
-3.239297352105015571e-01
9.491242592971984582e-01
-1.248529531066749909e-01
4.631436871658157761e-01
-4.455121899094766635e-01
7.386984393381190728e-01
8.358769148071663047e-01
-1.123589621431340113e-01
-9.670661043511694643e-01
1.080260318835983835e-01
1.833213379201925064e-01
-1.000000000000000000e+00
7.764836321888755055e-01
-7.932825132611704966e-01
6.606360068622781911e-01
1.000000000000000000e+00
1.465575808546753511e-01
-6.319572771835302305e-02
2.102259181746921057e-01
-8.758002562417505077e-02
-4.127280960035645263e-01
-1.117322921485384979e-02
