-4.981112567830474624e-01
4.792096779731247480e-03
3.475357828272005456e-01
-4.719357971785376193e-02
4.126706475303518751e-01
-2.621604363472116450e-01
-6.961495203176819579e-01
-7.146998184201409643e-01
-5.177270715245245736e-01
-6.235214657538830085e-01
1.067321795786488892e-01
9.500821154494833998e-01
9.578574670091986043e-01
-7.108340103883903360e-01
6.742137783529988937e-02
6.038064658793473871e-01
-7.664203846473660597e-02
6.368362932230626772e-01
-6.808882726141218811e-03
4.791380994553318118e-01
7.699659844147968002e-01
2.427795409325141929e-01
-9.365467364831641106e-01
2.204559323758266132e-01
8.254596267041807156e-01
-1.717968316134010909e-01
2.835003293231785904e-01
3.205052088598649984e-01
9.747932902011537948e-01
-4.845780706351248135e-01
-1.619253095931689757e-01
-7.900338515325198152e-01
-5.700632006162733578e-01
2.038462955067255056e-01
-5.670600411253121642e-01
7.407049183697853589e-01
3.172168817302221111e-01
1.981108954764485564e-01
-3.204819222279235991e-01
-5.898623535146956254e-01
-2.976683413499783271e-01
5.616040344340900159e-01
-6.012878647086525863e-01
4.831115050800947053e-01
2.558326406497046790e-01
-8.404306502748148944e-01
4.923414062454802842e-01
-4.828162052563413909e-01
-4.630825709730506112e-01
3.371462889756251524e-01
-4.316908382812418843e-01
3.688327146127441392e-01
7.194411451597184648e-01
8.718453111894395313e-01
-3.193297759256381596e-01
-4.035879668174937596e-01
-3.513187385352918302e-01
9.544938649326857316e-01
3.505398867815707753e-01
4.445113982794046681e-01
-3.488466027859187246e-01
-4.467892866075584557e-02
8.280838568153883195e-01
-3.092574470844233758e-01
-7.016514350120910404e-01
-5.772650304940785126e-01
1.272639113264166788e-01
-6.801514302137592338e-01
-9.016082809949066412e-01
-6.050657785380832987e-01
-9.829589139409931065e-01
2.034890549388108649e-01
-5.413862902278281375e-01
9.059939601281712385e-01
-3.536287107850819567e-01
-7.804118666842716490e-01
2.345275625275402565e-01
7.703478688766975946e-01
1.207025407170052578e-01
9.482709511777134281e-01
-9.428613322846071121e-01
3.687306650451247503e-01
-5.249476118005842462e-01
-2.218458457348080337e-01
8.207811391607444662e-02
2.765400840796978787e-01
-8.505055464424002842e-01
7.169350972692103419e-01
-6.637860153067238755e-01
7.344401723595266329e-01
2.707778589715863493e-01
-7.862536472912764474e-01
3.820567234877434437e-01
7.028174154965918241e-01
7.726766943657694675e-01
-2.738661320359403462e-02
-5.874658537397825508e-01
3.366644029298506702e-01
4.871139272261808539e-01
1.819140611665714946e-01
6.568489761226148360e-02
3.884243455325320227e-02
6.672350605334991247e-01
-5.005264577278834004e-01
-1.075710103962508324e-01
-9.413370040092792213e-01
-6.636731960214869996e-01
2.560885181410288425e-03
-9.032970944611851127e-01
8.431899751057969628e-01
5.646106523846787795e-01
6.140366907752821124e-01
-5.177524076767698880e-01
3.916439500647150851e-02
3.482610849782217244e-01
2.819724505244922685e-01
-6.266977144889551710e-01
-6.606231771753123816e-02
2.438866050487342729e-01
5.861799175990678457e-01
5.941253342345569344e-01
6.595405471518500651e-01
9.191260754621231044e-01
1.259835096472585736e-01
-9.063061588059131424e-01
7.299199750887119809e-01
-5.035828156912429687e-01
7.658800563237433412e-01
-1.563116053284681062e-01
3.712220700468571444e-02
-2.412032389395937226e-01
-8.735895795452610635e-01
2.273125205561901119e-01
-1.679713768051436240e-01
-4.676154193373878165e-01
-6.184348671198394154e-01
5.455123572121178821e-01
9.477795949259288921e-01
-8.339344226166824914e-01
-3.878572338471835135e-01
6.744809521178796174e-02
-8.161258137664617607e-02
-1.030807846323926746e-01
9.696335863110758790e-01
4.855431672415211342e-01
1.143680229952142025e-01
5.990022637691128082e-01
-6.513979256485151748e-01
1.649322206291716775e-01
-6.333602348353233324e-01
-6.434166761658846045e-01
-9.767473194054379082e-01
-9.352278128049134054e-01
8.079168330034891543e-01
5.130784055663790699e-01
-3.025713734673418642e-02
7.901243006858196249e-01
-1.517336227735355259e-02
-6.230117640864187845e-01
-1.635374334471879632e-01
5.553233379756363775e-01
4.091994983317539525e-01
-8.696263178139553851e-01
-1.978585434316917357e-01
2.421768339525876002e-02
-4.386744244648039803e-01
-8.898265951062176438e-01
-7.284200733877355116e-01
-9.218413611369777882e-01
2.334291279726885548e-01
-8.373747923962651107e-01
-6.902008196398896622e-01
5.510153373753594597e-01
5.724675368902232275e-01
1.015998503482533621e-01
-5.830106642907439962e-01
7.047786647870173393e-01
2.494067589059167922e-01
-8.884488514334099030e-01
-9.264698791863281713e-01
7.109417590490461070e-01
7.212378703910740096e-01
-2.705484216164835143e-01
-5.619281224341516889e-01
-5.249755409375758131e-01
4.614823376598842231e-02
2.355952143389625775e-01
-1.898199578616901473e-01
4.627780694102960890e-01
4.525829789675390735e-01
3.245189813218276598e-01
-8.530123147193160449e-01
-6.626640972656425710e-01
3.597151564048841621e-01
5.995118999401283233e-02
-4.569671657040825785e-01
5.182821589591795064e-01
9.539295182388241034e-01
9.892602599671951324e-01
-6.813948615196039338e-01
-7.465544299685495933e-01
-1.048230709652475667e-02
7.470849288379817210e-01
6.283016333182656066e-01
-7.194285348618860709e-01
5.662537907167346507e-01
-6.176657750121539170e-01
3.248753273159665778e-01
-8.162022173555436577e-01
8.406195777966123384e-01
-6.081816268058268804e-01
-7.247773087746647303e-01
-5.942405660746952201e-02
-2.766417363010671426e-01
3.516850045275228265e-01
-6.552956326564651768e-01
2.070553409431459269e-01
-1.747803295039147553e-01
-6.008886403470659054e-01
8.022525423668311895e-01
-3.866577030619593458e-01
-8.653627763614468726e-01
4.221449340809664275e-01
7.898255488020970994e-01
-7.513184867227422625e-01
2.931949430242912769e-01
-2.771470578258961037e-01
-1.026259150582153890e-01
1.931812562733008498e-01
-8.750269147407656600e-01
-6.441391855128926203e-01
5.127038399974852556e-01
1.211581756948645339e-01
9.182290361096472342e-01
3.949051261945426550e-01
-3.740640783974698014e-01
-5.347645862027878838e-01
8.523484768045550553e-01
5.479532506806679137e-01
-8.002406253533966840e-01
-6.399642331316937049e-01
3.511111274622020773e-01
3.068437189768304929e-01
6.379908279942778648e-01
8.183243920441325425e-01
2.443398448523099731e-01
-8.902440764946273344e-01
-1.452995498192704016e-01
-4.855718756976410422e-01
-1.389543335292053872e-01
8.860542090994854014e-01
9.174139997999433138e-01
2.359361565807180927e-01
-1.611611938952961509e-02
-1.659716518948848307e-01
3.028010154209681559e-01
-8.123664646298101033e-03
-5.923119881407896692e-01
5.554221104739907044e-01
-4.092608957861811891e-01
-2.019438526916772503e-04
2.912998126541683774e-01
-7.496034598418981343e-01
-2.167263960743213147e-01
1.116234387430719011e-01
