-8.051407857377892441e-01
-6.318368290050095926e-01
2.356855680395904262e-01
-5.765174665546135557e-01
3.513498903355414260e-01
1.157791969919565178e-01
-3.283590258628808489e-01
-3.210057082304572651e-01
-4.582878976511293723e-01
-3.996612836955504289e-01
4.065260711277746131e-01
3.135070756310358031e-01
-8.220492095454862147e-01
-7.499407808287761323e-01
9.722282572248559518e-01
-2.439338558402189272e-01
-4.957503248500132464e-01
-7.205422114050614724e-01
7.817252403448543552e-01
-1.437579934565064721e-01
-2.556638221166258607e-01
-1.958058138674353965e-01
2.041741754862424763e-01
6.467780040575907274e-02
4.411169862296743238e-01
-1.915043013212898992e-01
-7.894506060353153609e-01
3.393236421661829372e-01
1.059854716287362275e-01
-8.156420096189677116e-01
-4.095624618268416395e-01
2.604195516940147059e-01
-1.000000000000000000e+00
2.015458889052654246e-02
7.908160956208412640e-02
7.805837832798837583e-01
-5.503549210321142526e-01
1.049324161486797635e-01
-9.957275150302445921e-01
1.000000000000000000e+00
5.340431154984970341e-01
-1.000000000000000000e+00
-1.564360568930097117e-01
-4.281119552962193708e-01
-2.738663196800344979e-01
-6.503669911884042421e-01
8.971969355112638933e-01
1.000000000000000000e+00
-4.329326960310698191e-01
-1.307689595921689152e-01
2.789284110300758734e-01
5.181462331186931919e-02
-3.981290068872423982e-01
-5.260965783755392478e-01
3.762119679269836925e-01
3.728233351000648232e-01
9.976831097525576952e-01
-4.457539598077813747e-01
-7.373964197811069265e-01
5.651545306550525005e-01
6.668122385315722322e-02
-1.000000000000000000e+00
2.482407433195245039e-01
6.952857580250731973e-01
-8.797018774035358923e-01
-2.996621658611361427e-01
5.456513644063302193e-01
1.000000000000000000e+00
4.330585632076086045e-01
-1.000000000000000000e+00
1.558283449674009169e-01
1.022054553784104425e-01
-7.202468651488402873e-01
-8.829527854524390484e-01
-5.319400017678977965e-01
2.420288267393851389e-01
6.745830275513235996e-01
8.615331981643961079e-01
6.497239879165310761e-01
-6.002667446149085873e-01
8.903494536051332897e-01
-2.543888497467386989e-01
-7.805231672913877095e-01
9.542604280431272734e-01
-9.638331499386285639e-01
-2.112466881889087933e-01
1.593363720971792130e-01
-4.766821137033920297e-01
3.712955817770674516e-02
1.635154894942862647e-01
-2.097236266523785364e-01
-3.745435876407516296e-01
-6.285731946720177765e-01
-5.370055908169348857e-01
-2.448370001697444120e-01
-5.569455627016868526e-02
-2.118613537101245170e-01
-6.812213591623658138e-01
-6.862413669860614185e-01
3.672432897144053410e-01
-3.290008186734237894e-01
4.623685041435208198e-01
3.860528238894204711e-01
1.610207989786693605e-01
8.435816886211974230e-01
1.000000000000000000e+00
1.000000000000000000e+00
-8.265582790518213319e-01
1.120800952773653436e-01
4.447934698716603519e-01
6.574617966550424519e-01
-4.699059133461717108e-01
6.244523115253781675e-01
-8.952882180865536776e-01
8.724762285116172134e-01
7.663576909494430878e-02
1.000000000000000000e+00
7.911557180104058506e-01
4.034310769748368219e-01
6.316301433263578069e-01
1.000000000000000000e+00
9.278453197494129778e-02
2.738752728440937423e-01
-1.920374652371323321e-01
2.352362587216272338e-03
3.355618372485148493e-01
-2.526792396711193822e-01
-1.000000000000000000e+00
1.000000000000000000e+00
9.941869858796991144e-01
-2.729812230014536656e-01
5.774490884234199095e-01
-3.803852045361020839e-01
-1.000000000000000000e+00
9.847076070588628438e-03
-2.665489678914162996e-01
-8.635338535837532303e-01
-3.797351374692461423e-01
5.392828166172529691e-01
-4.158314994767671191e-01
-6.186703722492417068e-01
-6.510892684286945231e-01
-6.270445624805234264e-01
-4.619187476328938113e-01
-6.424660097069723186e-01
-8.399976055747087056e-01
-9.356318714468292441e-01
-8.093464137499758460e-01
-4.297890181923613717e-02
-3.228779652562100977e-01
2.832645207597930259e-01
3.554773422234819291e-01
5.890837168886770003e-01
-5.845753458379163714e-01
-1.000000000000000000e+00
-6.465839208194410492e-01
-1.000000000000000000e+00
-4.497287078866663013e-01
-2.296469398597781042e-01
5.301752679525664202e-01
-2.486392441671078993e-02
-5.717470949414288350e-02
-1.972516487610505576e-01
-9.365571074011966313e-02
3.977638269896658363e-01
4.531073959615573576e-01
-9.342203088518759024e-01
2.012953568919642056e-01
5.609234472822786088e-01
-3.137548099611526253e-01
9.730875247669893424e-01
9.801480294871106613e-02
-1.829742432510687855e-01
-8.603117292724244969e-01
1.170831048581460754e-01
-7.581182396852117478e-01
-3.923677450938219402e-01
8.242062059883806802e-01
4.379549950037278649e-02
-9.544397120177134930e-01
1.000000000000000000e+00
2.679684713620956726e-01
-1.000000000000000000e+00
-1.000000000000000000e+00
-4.690776640491735594e-01
-7.551205755280955279e-01
4.078599889346122831e-01
-6.835959919042735589e-01
-6.308410967068389663e-02
-6.165779539917535246e-01
5.686902356390810542e-01
6.328522287892720533e-01
5.359209566379188328e-01
4.821958471048903849e-01
-1.181057766844304524e-01
-6.899157083454870998e-01
6.778466892723767900e-01
9.712628329654862114e-01
1.000000000000000000e+00
3.184154523746235421e-01
-3.013679571675642599e-01
-5.338813182320995519e-03
-1.000000000000000000e+00
-2.998732097710763433e-01
-3.446939171235104959e-01
3.956445250716283946e-01
2.250388604150894423e-01
-6.926502049519731585e-01
-1.000000000000000000e+00
4.804286723377373391e-01
-6.694571565762004184e-01
-8.119195785059378778e-01
1.543907785721798376e-01
1.000000000000000000e+00
1.528234510497190890e-01
-7.151516661201533231e-02
5.499416991346209871e-01
-1.674939685503718800e-01
1.000000000000000000e+00
4.437634788786751772e-01
4.111743226486689884e-01
6.932348570266474996e-02
4.400919162032773113e-01
6.902978117738733932e-01
-8.358614066210505733e-01
-2.473109017772540941e-01
-9.403772149089489885e-01
-4.038385399892679972e-01
-5.587192378245580127e-01
-1.335442650435237355e-01
-6.389731826531714898e-01
3.634362716465446702e-02
3.688340078743582717e-01
-5.688824472996064641e-01
5.202209598084052145e-01
-3.139307966653073212e-01
6.387385145977217960e-01
-4.713386087050820406e-01
1.858824349412874777e-01
-4.949834689945987742e-01
-8.288059330390996626e-01
-9.409349117201406543e-01
-7.879996052516274885e-01
3.821987022407781209e-01
8.780175394377598419e-02
-4.185591688384002196e-01
-7.035676781628348309e-01
1.364018755924130133e-01
8.901206853086383042e-01
4.601575297376226947e-01
-1.000000000000000000e+00
-1.000000000000000000e+00
6.195812552241185545e-01
-7.959839154169978670e-02
-9.862627492519918659e-01
8.589785259730826628e-01
-3.705105868743211461e-01
6.897807442382981602e-01
-7.921753014024054962e-02
3.336343563571438908e-01
2.861246615328297827e-01
-9.415027186135811466e-01
1.000000000000000000e+00
-3.803651254943628546e-01
-8.197354346368053157e-01
