-8.978486520888437350e-02
-2.470306864319530560e-01
2.575527700194928382e-01
-2.043545988856269591e-01
-9.248955081229925934e-01
-4.660443230899541378e-01
-1.168513395641356950e-01
-5.857577614618219020e-01
7.547406134471512651e-02
7.489234355983589442e-01
9.028280956165687932e-02
8.956783357486430841e-01
-4.932878713609897825e-01
-3.828146548669003058e-01
-7.247417295420757188e-01
1.700336003472659452e-01
-1.263032028448523025e-01
7.695860043544231477e-01
-5.578891561351461137e-01
7.598395317416850592e-01
-8.940446887582126356e-01
-4.272464485812651480e-01
-8.788188535024459291e-01
-1.280430510139719535e-01
-3.968970928584071300e-01
-1.000000000000000000e+00
-1.000000000000000000e+00
-3.175202343360374324e-01
9.099203933196852168e-01
-1.000000000000000000e+00
7.395267801278411213e-01
-8.537182604451210022e-01
-3.012628504535276308e-01
7.588515345342305984e-02
8.207476410473222295e-01
-8.041032018801611558e-01
-1.408631323891152975e-01
-1.712229979637052979e-01
5.776489914130440440e-01
-3.845535690761018310e-01
3.500516063211961959e-01
-6.708696815451578033e-01
6.537666265470988280e-01
-3.839667905296457739e-01
1.055283853089888924e-01
5.226673616271341194e-01
-1.621377227637584850e-01
1.203032801153297582e-02
-5.928086483088951253e-01
3.114830722901829052e-01
-6.816188301938985727e-01
-1.683114959493207108e-01
-1.000000000000000000e+00
-8.041035944518315493e-01
2.949224619141161963e-01
-2.264726534070071184e-01
-4.402180545353899521e-03
2.254027082011997307e-01
-8.753909319727176674e-01
3.361570015519246279e-01
8.493494496455936682e-01
9.835633467590727541e-01
-1.000000000000000000e+00
7.829704499332987844e-01
1.000000000000000000e+00
-3.573191350360109264e-01
9.843114974996605149e-01
5.530735350397746330e-01
-1.000000000000000000e+00
-4.754525931351079593e-01
-5.030047574947562605e-01
-6.896837266753003126e-01
-6.631185262895249177e-02
1.000000000000000000e+00
-7.465191980983476583e-01
-6.853270942947035926e-02
-8.329531494798152469e-01
-6.533784268872776524e-01
-9.987925445627517940e-01
-8.861014856608926404e-01
1.000000000000000000e+00
-1.000000000000000000e+00
5.498902596548636001e-01
5.310491108028503326e-01
2.983704614114557341e-01
-2.821734068660359251e-01
2.760430301819931653e-01
6.286996012419762137e-01
1.000000000000000000e+00
1.292905979805474281e-01
7.469735126279635207e-01
1.959269150204198118e-01
6.961406017318146899e-01
-2.552941317162461532e-01
-4.498520161835913300e-01
-5.058484225637041032e-01
-5.511116594870060226e-01
1.746892778708933891e-01
-3.489134890988954130e-03
-6.816248726465345964e-01
-6.350575983895483390e-01
-2.973728038168801935e-02
-3.418723995591579357e-01
-1.000000000000000000e+00
-1.330431549123654855e-01
-5.976524701338333800e-01
9.023611636457298801e-02
-8.553744379856802471e-01
1.000000000000000000e+00
8.991310950073085895e-01
-2.148286814791909305e-01
-4.122401396780107918e-02
5.943864924804862504e-01
-5.223227788439418484e-01
1.000000000000000000e+00
-1.981143610150842282e-01
4.566937057961128477e-01
1.000000000000000000e+00
-5.738411465001105327e-01
6.585452859823978100e-01
-5.596681473751611291e-01
1.320586604384646756e-01
6.825945160721862415e-01
-8.771512139506545402e-01
-3.222507768716202925e-01
5.863475958031170165e-01
-8.064876818186438312e-01
4.145185888906294247e-01
6.159383550005177455e-01
1.910312175334686891e-01
-1.171139324204710092e-01
1.043823844933757516e-01
6.521672379326876046e-01
2.554469958089348181e-01
-1.371124302030728159e-01
1.000000000000000000e+00
-8.716800142053318101e-01
9.921512651049454456e-01
9.310156470624462166e-01
-1.000000000000000000e+00
1.000000000000000000e+00
-5.857315100323058354e-01
-3.819840628128099991e-01
-5.286801614221212642e-01
4.617792626693769664e-01
-3.327721521242121838e-01
-1.000000000000000000e+00
-4.241037255151942076e-01
4.666151917464630428e-01
-5.947532301104582197e-01
-8.234760855706333427e-01
-4.103628239011251067e-01
1.000000000000000000e+00
-7.579249164151884433e-01
1.098973284773446663e-01
1.000000000000000000e+00
1.584508367355228764e-01
5.783865380151717028e-01
2.383451309679433527e-01
-6.014641549519651464e-01
-7.012953351146895553e-01
5.431610935155826159e-01
-3.633262302697795043e-01
-4.051240480127519250e-01
-2.526826035192298314e-01
6.817621503008958195e-02
8.157088451956815423e-01
6.869928899888381180e-01
1.000000000000000000e+00
-9.840322272825964278e-01
1.266120340733101757e-01
-6.133080045117004220e-01
7.200470064111373913e-01
1.547287138080714886e-02
-8.348737771288041731e-01
-1.000000000000000000e+00
6.413764972656824659e-01
-6.865948497995835176e-01
6.873318781697246305e-01
-9.364300909850649113e-01
-3.987533632442317177e-01
-2.222987464302223493e-01
1.000000000000000000e+00
-6.691841021921017540e-02
8.538957747707706103e-01
-2.002114196895645459e-01
-8.963825653116807013e-01
-8.177175725430684272e-01
1.000000000000000000e+00
2.361413967950920234e-01
7.274697634544984304e-01
3.718391670499686108e-01
-2.863509087786502705e-01
3.455221664542335591e-01
9.907802757318386888e-01
-4.398674350655140675e-01
2.593969281231435220e-01
7.697322010007551230e-01
-5.597536764697335077e-01
-8.209726731430090352e-01
-2.864542513318203421e-01
4.296579457123581580e-01
-3.431566655941699351e-02
-1.385505367217598205e-01
-8.559317445219558063e-02
-8.908736806822772358e-01
-8.270828284169375877e-01
9.807338817858897162e-01
5.463846762007332769e-01
6.276069954186583311e-02
-4.412371871318526706e-02
-7.144600001315259963e-01
-1.000000000000000000e+00
8.174389996308640827e-01
-1.000000000000000000e+00
-3.818769817373426356e-01
-6.143485361127642985e-01
1.000000000000000000e+00
4.282826872955626252e-01
4.246661860358651452e-01
-7.342827554701742976e-01
9.528020458792588743e-01
4.161625940731159545e-01
-5.677065065901125696e-01
-6.513102473671947834e-01
3.321421815024016011e-01
-7.038911519291107810e-01
-5.678773992813379579e-01
-9.352226699854124803e-01
-6.917742125449029000e-01
-4.653435455743266114e-01
8.350798600572615360e-01
1.203855779701789169e-01
-7.847299001787003681e-01
-3.218327065438708057e-01
1.527006085135338698e-01
2.983372285617202913e-01
5.512884784113109005e-01
9.376569582005027659e-01
1.000000000000000000e+00
-8.028518452090838142e-02
-6.691486181886281415e-01
3.990748695801836776e-01
-4.735109666595488376e-01
-4.240955679132494271e-01
3.063538857258472636e-01
-4.023019849314643515e-01
8.027927725595469521e-01
-5.987280221273668657e-01
-4.808214253310215125e-01
2.650871579546021373e-03
2.182163446879849533e-01
7.050908841530049154e-01
4.668012470819148385e-01
-3.282591457295482851e-01
-5.162902219474178045e-01
1.464477112734090258e-01
3.740577117428747767e-01
9.927159472791514672e-01
1.000000000000000000e+00
1.367798127874507996e-01
8.748814398302537931e-01
-3.901358795777346566e-01
8.738879838547009005e-01
-5.788922878567107633e-01
