-3.921711403389533945e-01
-1.000000000000000000e+00
-2.353298435037787240e-02
-5.987618156188598828e-01
-5.345866925548553583e-01
-2.303785716942868822e-02
3.100215157804191435e-01
-1.000000000000000000e+00
5.488005910686760691e-01
-6.902134060960211093e-01
6.452922333597231885e-01
-3.110040638038741312e-01
8.987932267973753886e-01
1.607955851146202209e-01
-2.527317624823949282e-01
3.488091322602808186e-01
-1.000000000000000000e+00
3.527463195343409352e-01
-5.310149520171888460e-01
-8.522583552089907366e-01
8.200808651738666910e-01
-8.303723653739821797e-01
-5.821892553260804570e-01
8.541310972012777780e-01
-6.241149633258161744e-01
2.898044738629017014e-01
-9.675899492361708099e-01
1.410776438595764404e-01
3.283160018750307385e-01
-6.817653861728192322e-01
-8.851773404233054254e-01
3.286918676511926263e-01
-1.000000000000000000e+00
-6.585683840014100454e-01
-9.772068060220340247e-01
7.538720852596496602e-01
8.745939299017475577e-01
-7.359627486719328981e-01
9.418209878998492490e-01
-5.796253198173084709e-02
1.467663535814081599e-01
1.772178119155188025e-01
-4.197332325159137678e-01
-1.345020871192711964e-01
1.851863069987862986e-01
2.787187441413999656e-01
1.000000000000000000e+00
7.076808911422018955e-01
4.403573401077462424e-02
-4.303225309475157689e-01
7.094839130250930603e-01
-6.776264080511896770e-01
1.000000000000000000e+00
-3.764178386064329085e-01
1.352334958082149208e-01
2.922090691584632305e-01
8.693435356392398283e-01
5.092174707602102890e-01
4.359642281245926787e-01
-6.300412534363031281e-01
-7.438704611966019398e-01
-3.842111267749442893e-02
8.429808184324217857e-01
2.570259316886789325e-01
-7.259979236949658521e-01
-7.194830166482307776e-01
8.958055613564017694e-01
-4.513279699430499670e-01
6.721104307509246922e-01
1.000000000000000000e+00
3.386438465526321329e-01
1.000000000000000000e+00
4.707600922059626547e-02
4.304738728075714893e-01
-8.771954584157308776e-01
6.987177799444854731e-02
1.000000000000000000e+00
-1.207635960333974801e-01
-5.997387793666493216e-01
3.849521229174833192e-01
4.107511339031524877e-01
-9.138818637746134455e-01
-1.000000000000000000e+00
-4.440455638308091757e-01
8.163443573201764059e-01
7.330401647886026772e-01
-9.201930175873679341e-01
-4.366434558458519022e-01
5.885497806461292836e-01
-1.000000000000000000e+00
9.731861097905178393e-02
-7.814514204704621214e-01
4.067474023845940589e-01
-1.000000000000000000e+00
-9.607248787777653565e-01
6.139875657492911420e-01
5.830376939717957230e-01
8.211988276537022236e-01
-9.391966300487845087e-01
1.000000000000000000e+00
-1.000000000000000000e+00
5.153095365474380518e-01
-7.499961623682449563e-01
1.504574203256251463e-01
8.482778935974882861e-02
8.443475099421415830e-01
-7.369517390045094984e-01
-6.079098854583412370e-01
9.740646903998616546e-01
8.476312461701634993e-02
-4.420786757245313559e-01
8.876258169824926547e-01
1.000000000000000000e+00
-6.671281920017373412e-01
4.968242089390514926e-01
-1.909997695386975169e-02
1.000000000000000000e+00
2.831606936430693389e-01
5.578439551219052106e-01
3.971916115892564214e-01
3.473369185499755596e-02
-8.461682311414413515e-01
9.505173913046465195e-01
1.167034848218033438e-01
9.393979633605691326e-01
-2.615058588853436117e-01
5.760049954997255028e-01
-7.597581190213464897e-01
3.339712851223325396e-01
-9.275259610814605704e-01
-5.869601409018877503e-01
3.828640171199282904e-01
3.985870585569757651e-02
-1.000000000000000000e+00
9.055976428965593072e-01
-5.420184521932336352e-01
-5.887355638140303604e-01
-9.508567479926754995e-01
-1.000000000000000000e+00
6.602042663483054241e-01
-4.839269557883820183e-01
-1.459653487162651253e-01
9.529091678353118766e-01
4.009529454979208762e-01
7.675285736495505162e-01
1.700565922595191626e-01
4.146508194734020020e-02
3.308380722244277372e-01
1.000000000000000000e+00
-5.600820987077918811e-02
1.016334379920507125e-01
-3.188654636959409316e-02
9.322434834679789173e-01
2.588284841052578278e-01
-4.930036778184194723e-01
5.051565270840241428e-01
-1.335331271347735271e-01
4.020439787957660327e-01
8.869380569416979165e-01
5.857424953545059543e-01
7.075851620582127577e-01
1.000000000000000000e+00
-9.941965107012729064e-01
1.318653125085224587e-01
6.001492820181371091e-01
-2.541256052726394155e-02
-1.000000000000000000e+00
-5.602482197941247577e-01
-5.144803949127388920e-01
-2.703829454204461080e-01
9.073587515722538743e-01
-4.331527846562012729e-01
9.036561494313642973e-01
-3.632059071466769984e-03
-7.596918037579396543e-01
1.000000000000000000e+00
-4.494717282521817348e-01
-6.172057881322462469e-01
4.276957825013434356e-01
5.261034878763094502e-01
-8.216924756229417870e-01
-9.459098905110620292e-02
-9.079007310624198634e-01
1.609186443526467725e-01
1.000000000000000000e+00
4.952597664165794833e-01
-3.280083492664350731e-01
3.299526458989202049e-02
-8.556842476183686985e-01
1.874531895208120524e-01
-5.188712607736646332e-01
1.000000000000000000e+00
1.000000000000000000e+00
8.062560950727308828e-01
4.798507330674803284e-02
-9.901526974901766476e-01
-9.178241221563788743e-01
9.418242750907334093e-01
-2.745263383374205168e-01
5.684216813465552409e-01
-6.885685730507143942e-01
5.595626713689711984e-01
-1.973016552419264713e-01
-3.257864797400679135e-01
6.319610029780806104e-02
-1.308526577697605164e-01
-8.682479060282000116e-01
1.000000000000000000e+00
1.257841817083280855e-01
-7.428593056582895038e-01
5.882711721277018163e-02
-6.103239411152414640e-01
-3.254475231596546392e-01
1.000000000000000000e+00
1.471168086958154486e-01
8.263614016257316841e-01
1.000000000000000000e+00
1.000000000000000000e+00
1.792500438893831205e-01
-8.556545008729652402e-01
3.472315868895756719e-01
-3.331652587382806230e-01
-5.274711215280004639e-01
-1.000000000000000000e+00
-1.000000000000000000e+00
-5.942662589707078391e-01
-3.362593697902520051e-01
-1.499610985789814332e-01
-1.000000000000000000e+00
8.450907515209500342e-01
-1.786194634271883463e-01
-5.796974455095210699e-01
-5.357192542876432206e-01
7.726626726162705294e-01
-5.921278000415804987e-01
-1.000000000000000000e+00
-9.722832737479445431e-01
-9.061116686025745270e-01
-8.839342882376459709e-01
2.571555927717608103e-01
-3.831005125804178291e-01
-2.405713150408467227e-01
8.142996090460152825e-01
6.936183231338484134e-01
-1.000000000000000000e+00
2.979184611032370533e-01
8.735243425529084504e-01
-1.000000000000000000e+00
1.000000000000000000e+00
1.000000000000000000e+00
5.269018319042745313e-01
9.563506747357565230e-01
-6.018853371687538090e-01
-4.321593982979251014e-01
-6.476901356644954033e-01
-1.573440910199639386e-01
-8.918121239350457197e-01
6.688542185076833402e-01
8.678202329156732286e-01
-7.126503206399159573e-01
-7.378159885367744364e-01
-5.297934555578101001e-01
8.945613917476120669e-01
1.000000000000000000e+00
-8.903091824293359879e-01
