1.672458799084989775e-02
1.199133955058700740e-01
1.534485497740225024e-01
-2.966974544208428877e-01
1.060353060626532534e-01
8.144057615010628082e-01
7.023674548028352449e-01
8.269127563164405670e-01
-3.998984470514098666e-01
-9.395159799648888921e-03
-5.042875327972069499e-01
9.619154905391177346e-01
-9.141219908393733995e-01
-1.484247832118924249e-01
6.183423247797081856e-01
7.345231325484622431e-01
2.500204986416671438e-01
-1.000000000000000000e+00
-1.743564152493921326e-01
-2.310023857303787342e-01
4.209680752399406201e-01
2.116206796009856839e-01
-1.758899192739461215e-01
1.710052077951912941e-01
3.181015488056263552e-01
-4.887809970937273540e-01
-2.737096940930771605e-01
-9.000702843392238695e-02
9.114521967071176345e-02
2.293318431432128379e-01
-5.872980788385453454e-01
-6.353999374893555263e-01
-9.005657841082828075e-01
1.309729191702586337e-01
2.773217440755451624e-01
-5.248549915507436658e-01
-1.000000000000000000e+00
1.000000000000000000e+00
4.431481619435291841e-01
5.306178928697797836e-01
8.084242505728089778e-02
2.889337828256974272e-02
-3.490122198658727193e-01
-4.698122566197476258e-01
9.755695766038985361e-01
-6.023607407182928197e-01
4.360076337489245946e-01
-2.822819305474930096e-01
1.000000000000000000e+00
6.854293800749099441e-01
2.557333032824580799e-01
-3.004795944185917334e-01
-1.000000000000000000e+00
-4.942424311668902615e-01
1.000000000000000000e+00
-7.277194269055493603e-01
4.992603140661355798e-01
4.660796807478015391e-01
-1.427294062376967820e-01
-6.555254178730025583e-01
6.649076224531931256e-01
-2.881120708360973004e-01
2.211155516023780299e-01
-8.427025976243742722e-01
3.635038894702437018e-01
5.083672641306971607e-02
7.470620390069161454e-01
-3.327277796325913140e-01
-5.024708345974704393e-01
-2.786012327474400863e-01
8.303205244933397067e-01
1.673323780873565980e-01
-8.315910234607519769e-01
-5.899581692881764594e-01
-6.955732032997337111e-01
8.233385437143007080e-01
-8.564628980586950213e-01
7.029557517921696252e-01
-8.206985388473442278e-01
-5.264582541046838315e-01
-8.449528087941485799e-01
-4.588975673058280913e-01
-3.275761084337018847e-01
7.894386886788157254e-01
7.546377963454466986e-01
-3.615047230919122834e-01
-9.232394487961481655e-02
-1.000000000000000000e+00
-1.000000000000000000e+00
-5.282170151917677803e-01
-4.758283615879067008e-01
-4.248779428697165850e-01
6.713325263066118875e-01
-5.825253901373488308e-01
1.761408000033732602e-01
-2.511958224649921689e-01
1.000000000000000000e+00
9.206056777182967943e-02
-9.823784239463008161e-01
-6.715288036054658516e-01
-2.900035781160702486e-01
-2.863553685734748777e-01
-7.096779708605620574e-01
2.392262427481915144e-01
3.604152318775062369e-01
-2.452133316692058917e-01
-3.640846243025028239e-02
8.451096371679720498e-01
-7.084871722617309686e-01
1.000000000000000000e+00
-6.389849084911869426e-01
1.494370944233522625e-01
-5.452459594661867026e-01
1.899620584351381092e-01
7.224682659466843404e-01
-1.066044796734414435e-01
-9.578194147720444640e-01
-2.419053234662390528e-01
-2.310273154620248737e-02
9.209665213637248105e-01
9.023601055416000660e-01
-1.000000000000000000e+00
-1.213537494359454572e-01
2.483170490329943692e-01
2.304211291280556240e-01
1.000000000000000000e+00
8.126196230396782738e-01
-1.373980895072090536e-01
-5.410425796406078680e-01
3.831702017345975375e-01
5.562107744391611153e-01
3.094869228780867676e-01
1.000000000000000000e+00
-6.700616358006110662e-01
4.729735145723813483e-01
-1.000000000000000000e+00
-1.000000000000000000e+00
1.768027647958671511e-01
-9.129854395081594687e-01
-1.776926045995850245e-01
2.601908426729547252e-01
3.292523939203225725e-01
-8.782453518838329032e-01
6.717307943270761639e-01
2.056600858498089379e-02
-7.119785984865456552e-01
-2.441701931424210270e-01
-8.439244231245224270e-01
3.756663126203302894e-01
-6.123694763310703060e-01
-5.524396014636958618e-01
1.000000000000000000e+00
-5.301955933952169353e-01
3.427028673824001892e-01
1.000000000000000000e+00
-8.668946338074069446e-01
1.000000000000000000e+00
3.316043406845101127e-01
-5.309562084455398123e-01
6.803713224041714192e-01
-9.520755242870935220e-01
-2.155220363055452282e-01
-9.060779185456417917e-01
-1.496898570366482772e-01
5.382942540896551442e-01
5.306614060363720187e-01
9.770221006601506053e-01
-4.222851596573291011e-01
-6.666628141073586145e-01
2.567456841732556616e-01
-2.250432034083422461e-01
-6.741497819486442777e-01
2.217188764633922782e-01
6.020936506164868002e-03
4.249293512658090521e-01
7.751816401320041905e-01
-1.798247164858242653e-01
-9.254682931295938886e-01
-1.512686762082554592e-01
-8.142839171432655898e-02
4.058139942144499690e-01
4.681127341989152479e-02
-2.154018854064678190e-01
-5.334140645118622404e-01
1.080844075740269444e-01
9.688175260431466373e-01
5.625341213832343312e-01
4.903202775449140294e-01
2.714217912002114819e-01
-5.797694401777435669e-01
1.000000000000000000e+00
1.688681289195164692e-01
9.541044188907161772e-01
6.856430175967583862e-01
5.823735748134333257e-01
-8.536434003214329325e-01
4.867348054179858607e-01
-8.667015976568817059e-01
-7.756735187999229675e-01
-5.798041141127288078e-01
-1.000000000000000000e+00
1.000000000000000000e+00
4.071476095397160710e-01
-3.260266918988688478e-01
-1.000000000000000000e+00
-4.129154229385446628e-01
-2.602349035451159143e-01
-9.538549160476114119e-01
-4.251050875378161731e-01
-9.985658019620871073e-01
-4.137345513734955182e-01
-1.000000000000000000e+00
6.053016665004198327e-01
-6.594948039698562692e-01
-1.334847036267587383e-01
-1.000000000000000000e+00
-7.848575321836127605e-01
-1.000000000000000000e+00
6.640397891476470527e-01
-7.504303843437640786e-01
-3.589350807952426670e-01
3.070072029598848729e-01
1.828163842235969172e-01
4.680288780427296347e-01
-1.768367552416671984e-01
4.049395740750480477e-01
8.763628774027254487e-02
8.597805344252018589e-01
7.467907131824021161e-02
-3.959147013043337049e-01
-1.000000000000000000e+00
-9.862623882260299624e-01
-1.668577375253349482e-01
8.990139042414507786e-02
9.786729674150159708e-01
6.698781489970444536e-01
-1.727840665357611161e-01
-1.000000000000000000e+00
1.000000000000000000e+00
1.000000000000000000e+00
-4.810939398128093458e-01
-1.000000000000000000e+00
8.533148413304716406e-01
8.511620564335709016e-01
-1.000000000000000000e+00
-1.000000000000000000e+00
-8.746884649305840531e-01
4.694644443705774939e-01
3.075513844630713978e-01
-6.342402153461713654e-01
-5.826821701662683317e-01
-4.242969913313207053e-01
1.118760614164885370e-01
6.352842281879825803e-01
-9.313127211777029180e-01
2.329712053820090500e-02
-6.045463362100187421e-01
1.775735854421753579e-01
-1.767709314639940577e-01
-5.923666610205564620e-01
-1.000000000000000000e+00
8.226416468859722997e-01
5.289996469725259942e-01
8.865875733995534080e-01
5.441689208948419232e-02
