2.620708425015675358e-01
-4.684955240063835014e-01
5.612209330097863713e-01
-1.179266081234869867e-01
8.660058599874169705e-01
-5.909617327002258946e-01
-5.609510803623031228e-01
-6.623525089996512571e-01
1.714886111980827299e-01
1.187030081022148742e-01
-1.779940952081378591e-01
5.714243665907410286e-01
-7.505559462942187343e-01
8.747766192665696883e-01
5.070571668735246451e-01
-1.717222026571834093e-01
4.015599930063570300e-01
5.889370618661410317e-01
-3.301679200211482534e-01
-6.868079182016187945e-01
2.181467389787375699e-01
9.640857264247268965e-01
9.711607834684189422e-01
-6.433824153350233832e-01
-4.765682274837722554e-01
-6.499519309316424964e-01
7.931145963285128886e-01
8.308391786967422865e-01
-8.769600194373133872e-01
1.152710362389656462e-01
-9.798105628080616691e-01
-7.424294685230113933e-01
4.445216620275315722e-01
7.706677055017641109e-01
7.740530203361734030e-01
-8.994869856130451868e-01
9.009865554466698345e-01
-4.061828358683277074e-01
3.190039179490947174e-02
-6.581841472109070668e-02
6.755967536637089710e-01
-3.541493837320904836e-01
9.697656935191775740e-02
-9.360663478562657458e-01
1.000000000000000000e+00
6.859425310536931830e-02
-1.000000000000000000e+00
-9.815711166741831750e-01
1.000000000000000000e+00
-6.134504365062094511e-01
4.068686948578035811e-01
5.913266759796498295e-01
6.340764155595650653e-01
1.000000000000000000e+00
-1.000000000000000000e+00
1.863701129054874395e-01
5.964034422744366459e-01
-6.207872727470357954e-02
-6.949837981593476322e-01
2.957304965558388288e-01
2.722863287552806932e-01
-1.104553342576776453e-01
1.186367617539363095e-01
1.000000000000000000e+00
-9.648759282683320171e-01
7.778550543984441568e-01
-4.765610601777631183e-01
3.581433101373042716e-01
6.824382862527448301e-01
-7.150410067897827737e-01
2.477924031129278837e-01
-1.910946611299245423e-01
-1.047042814737325495e-01
-2.408129342600992540e-01
-1.000000000000000000e+00
-4.303237257050846476e-01
2.119071825480461357e-01
6.977395868304467896e-01
-9.836702634968161885e-01
3.239261921611236161e-01
4.975357120149120904e-01
8.610378016334090390e-01
-8.652452610326716309e-01
-6.971874026172265593e-01
-3.060589628162746489e-01
3.933198504577838928e-01
8.157560161184040926e-02
-7.318983955040753164e-01
-6.440817514423899937e-01
-6.384375798130947910e-01
-1.000000000000000000e+00
-3.545280783704019001e-02
4.121472212030112825e-01
7.858420661380881578e-01
9.797788540500760313e-01
-2.820528060982677165e-01
5.874221897227744904e-01
6.970156402516968219e-01
1.454132242330015146e-01
-3.905477400454177017e-01
4.451792882442636157e-01
-4.744375987640293835e-02
-4.522143551371434200e-01
-8.200053092659124188e-01
2.701953644870383475e-01
6.002977841271855963e-01
5.463766928768296616e-01
-1.960995497620923733e-03
1.000000000000000000e+00
2.895861145590940544e-01
-1.000000000000000000e+00
5.130188508995089935e-02
7.514894068014937867e-01
-7.190221981846485200e-01
5.928792551479706852e-01
-7.381728363403105009e-01
1.000000000000000000e+00
1.321593401412037849e-01
-9.723152178301409654e-01
9.377880868418804194e-01
4.312369289375211912e-02
-1.236332639590195515e-01
7.399596694451566758e-01
2.849220969408943205e-01
1.000000000000000000e+00
-1.737781876666016356e-01
-2.810521647260232347e-01
1.000000000000000000e+00
1.633454254689507834e-02
3.994911636870501215e-01
2.921261000540215091e-01
-7.960575072985595080e-01
-1.239004481720002715e-01
6.275640084101327121e-01
2.635294039457297677e-01
1.151454255995799092e-01
-9.712162287963107543e-01
-1.000000000000000000e+00
5.210931997433725371e-01
-2.669012066384601201e-01
-4.427560618795689518e-01
-9.424360471482958745e-01
-1.000000000000000000e+00
-2.915118054100773737e-02
1.722517095888674299e-01
-8.341219305614673285e-01
5.131679580923339534e-01
9.086825639684881217e-01
-9.109637707084166092e-01
-1.000000000000000000e+00
-9.396695905612171273e-01
4.998020682938456583e-01
5.479947280518345787e-01
-4.640763781261467158e-01
4.193509312239581122e-01
-2.828822571619955539e-01
-8.207810986291306232e-01
1.661581023545871671e-01
9.296715533772599294e-01
-6.324300353014485898e-01
-5.317318223374167818e-01
-4.917279328709771025e-01
3.379308903618941651e-01
-2.455583738864907384e-01
-3.257747681410291252e-01
5.931050048492611526e-02
6.905862458492251221e-01
1.028301260301350134e-02
5.040425887271393623e-01
5.022435255690129718e-01
8.635157638654770151e-01
3.433729429371960573e-01
1.000000000000000000e+00
7.034855155790605830e-01
8.455229229239238364e-01
-3.799374911122995746e-01
-1.000000000000000000e+00
-1.437230125360064448e-02
9.347032019489109889e-01
1.000000000000000000e+00
-7.096622722586921617e-01
4.263710054569426200e-01
6.861245094792137733e-01
1.000000000000000000e+00
-8.023853719614409963e-01
-5.583863356822378332e-01
-1.000000000000000000e+00
-3.467269612740326301e-01
-1.649282678710855543e-01
7.403242202355444501e-01
-5.516889381318982322e-01
1.000000000000000000e+00
-1.000000000000000000e+00
-4.136057910581759645e-01
2.927706874574194651e-01
-2.087517430726772427e-01
-5.223523661925173478e-01
1.000000000000000000e+00
-3.449452360396586537e-01
-9.923024451331791118e-02
-7.195827025624538242e-01
4.730085885157319092e-01
1.545647203045339979e-01
4.162753771780768886e-01
1.052767718988900369e-01
1.000000000000000000e+00
-9.179762623493239460e-01
-1.332166961648569570e-01
9.206986886483243815e-01
-1.000000000000000000e+00
6.610636086800820987e-02
-8.944577064543982603e-01
8.514614605268826519e-01
7.114200688613901979e-01
6.366439019289795720e-01
-7.744137121039506022e-01
1.000000000000000000e+00
-4.233642412790185050e-01
1.008483579830739829e-01
3.690016106786025984e-02
-9.819941788148519590e-01
-9.336943659986998156e-01
7.404244412537022146e-01
7.855672767997017303e-01
-7.124765284424037226e-01
6.086685545932624120e-02
-5.710281349396921780e-01
-1.939311610157937182e-01
-3.231703173713217914e-01
-5.538133995019307587e-01
-1.767184394087005783e-01
-4.140258910925309066e-01
-7.176862881768677482e-01
-2.309756542772241350e-01
-8.966126394017389645e-01
-3.465236054315391501e-01
-8.326353089734545021e-01
-2.664529378717754582e-02
-1.000000000000000000e+00
7.125304106593260967e-02
-2.933002449533498868e-01
-3.092039275678954979e-01
-8.799880083876927550e-01
1.000000000000000000e+00
1.000000000000000000e+00
3.770303754683627107e-01
3.600107607535261156e-01
5.419044075847807562e-01
-1.000000000000000000e+00
-4.021064500029062350e-01
6.329084900707321326e-01
7.015887573175927372e-01
9.616699580893122157e-01
-6.274475611887914139e-01
2.976376681574882666e-02
1.281788778741693724e-01
-7.910665583921039357e-01
7.935310617866215832e-01
1.000000000000000000e+00
1.000000000000000000e+00
-6.834519011447113268e-01
5.747072228111231862e-01
-1.000000000000000000e+00
9.426840323623980611e-01
3.282474834674176667e-01
