-5.163869668245545386e-01
-6.936202833237457011e-01
-1.000000000000000000e+00
-1.907698660617287156e-01
9.583023352648797899e-02
9.092405627835414839e-01
-4.876008209473682298e-01
5.974672314906178672e-01
-4.593325643428839977e-01
-6.546426427717385588e-01
7.970128668702121111e-01
8.928928671322595712e-01
-6.805677359051899300e-01
-2.098281718644983695e-01
-1.488503946908072140e-01
2.618854692867058076e-01
3.362949402116970354e-01
7.623177028955664403e-01
-7.315316268309741687e-01
1.552076634904549224e-01
2.393653580628275213e-01
-5.527312881073349615e-01
4.001825631003324002e-01
-1.000000000000000000e+00
2.820968673071396760e-01
5.142763524747150372e-01
-9.760821277292925924e-01
4.578367329510145689e-01
1.000000000000000000e+00
-4.873698520097169418e-03
1.360349608120861586e-01
9.436706199933948547e-01
2.976288798383802114e-01
1.212080552492028895e-01
5.397783673891234368e-01
7.750577812586454396e-01
-4.964442826646829343e-01
-6.961713798764174177e-01
4.309988395919353565e-01
7.804648097606256552e-02
5.445659124490817016e-01
-4.342347787203234555e-01
2.565778613246364470e-01
3.503012367165826979e-01
-4.963794954084379540e-01
7.885457601223375690e-01
-8.240373303542998240e-01
-5.024085245768110664e-01
6.525318559804271779e-01
1.903692464324781564e-01
-3.437826294669963367e-01
1.000000000000000000e+00
7.426172790187848261e-01
-1.000000000000000000e+00
-3.776574920634527543e-02
-1.973070442550582393e-01
-8.199022368408547257e-01
-4.915253153610655290e-01
3.871700821264827397e-01
8.497106642794449716e-02
-6.336188796010773228e-01
-3.181188578559731583e-01
1.971217697701016514e-01
-4.624026619117241887e-01
8.600858972635189170e-02
-2.505306111479984610e-01
-6.257022554051097085e-01
-1.957176218008742918e-01
1.037004419939829836e-01
1.000000000000000000e+00
-5.526072799540695524e-01
1.286909017765540397e-01
1.000000000000000000e+00
5.340201526515931940e-01
-6.150521286194038373e-02
-8.974244575416391312e-01
5.869224747858369229e-01
-5.712756892645776130e-02
6.287865888528607616e-01
-5.097028204838959242e-01
-5.528864501138747167e-01
-5.988669247948154029e-01
4.564754103331935542e-01
-5.833509659598496988e-01
-1.000000000000000000e+00
8.522422866259538043e-01
3.567636939020385478e-01
3.472398046170951380e-01
-5.077060861456018925e-02
-1.000000000000000000e+00
3.380229218746249042e-01
-4.839042261071236917e-01
-1.822660006663632259e-01
-4.168507454702422566e-01
-7.674080258947330035e-02
-1.473100626639188282e-01
6.938024964720842513e-01
1.000000000000000000e+00
5.531280139641325810e-02
3.001191320497950121e-01
-7.934061409956711941e-01
5.569284811192458662e-01
-5.939381222351064471e-01
-1.469426665096357221e-01
8.453391762132201892e-01
2.695447912803411450e-01
1.000000000000000000e+00
-5.170402881479596591e-01
-3.166893950770641730e-01
-5.346679017642741449e-01
1.484054711709705821e-01
-4.871515228013751364e-01
-8.189758137303116969e-01
-1.262552314507751905e-01
-4.680753895706156187e-01
-1.590989956860202614e-01
-1.000000000000000000e+00
4.104783256507138489e-01
-1.945688429027353783e-01
-7.943956395583809948e-01
7.638691439903443070e-02
6.961603076614250041e-01
-6.413589004075397337e-01
-9.939286132058522405e-03
-4.003651451886155316e-02
5.512222007219171882e-01
-8.822953069740302467e-01
-1.000000000000000000e+00
-5.713695532639668784e-01
-5.012752715891413136e-01
-1.000000000000000000e+00
1.708415485854131721e-01
7.940200272860500341e-01
6.418183641893157043e-01
3.120749638071745879e-01
3.159828883654530740e-01
1.259078636129481454e-01
-7.326390377762888040e-01
3.077087812283592627e-01
-6.970747878221666971e-01
-8.835902446892135442e-01
6.904381570431514792e-01
1.000000000000000000e+00
1.736381321267435329e-01
-8.480252566309449680e-01
1.000000000000000000e+00
1.000000000000000000e+00
-8.435909402374929256e-01
2.769410240264625345e-01
-8.299123713856633167e-01
8.305990668880689487e-01
2.569592319607725273e-01
-6.661863867589108423e-01
-3.520857210444759966e-01
2.047849657626963360e-01
8.841096179479346340e-01
5.977157534672445927e-01
3.284572266538545171e-01
-4.351250300643592084e-01
4.503885383710569124e-01
3.670828289713854997e-01
4.693127158139823729e-01
6.503059576993395208e-01
3.802735473035181446e-01
-2.075053914547385914e-01
8.543204899687009135e-01
-1.000000000000000000e+00
-2.583113084957939787e-01
-6.696050062083839238e-01
-5.782421602320854115e-01
5.984694318745571451e-01
-6.325911775748013222e-01
-6.743033409173494475e-01
6.688118176498916712e-02
-1.000000000000000000e+00
6.031890812484612674e-01
-3.292574334120403901e-01
7.715879702274862639e-01
6.248701898907873531e-01
3.841507304806566769e-01
-7.881632618716586380e-01
-8.382985190160626709e-01
-2.564952417941315232e-01
-2.662884668919895392e-01
1.000000000000000000e+00
-6.497628664798897891e-01
3.902301158444752560e-01
5.784998063391112444e-01
5.403378445921442896e-01
1.000000000000000000e+00
-4.476747612882872596e-01
5.892147958563004329e-01
-2.722355416919028936e-01
8.518612844437521980e-01
-4.108212332307698000e-01
7.770100325786539752e-01
2.449552846044703025e-01
-6.016669884927021705e-01
1.000000000000000000e+00
8.252666393758191221e-01
1.997421008291376532e-01
9.057735397559603108e-01
-1.356097232291000876e-02
-6.772638278941031653e-02
-7.322211679568250142e-01
5.497283827004231238e-01
-9.697658290810651227e-04
7.537945418234435202e-01
1.909242765430091970e-01
-8.417887777673577210e-02
1.000000000000000000e+00
5.140526806169114504e-01
8.615107053736450471e-01
5.171439583383116712e-02
-3.588744245414575706e-01
-5.920464509831513400e-01
-3.676124612226064348e-01
7.769006995317403463e-01
5.644299559695371560e-01
-4.471801526738606869e-01
-9.436714571500972593e-01
-9.869462261690242766e-02
9.133952495907831093e-01
-1.000000000000000000e+00
4.454695347560351237e-01
-2.938336371612380038e-01
3.895876858604803150e-01
-2.411028836147970922e-01
-6.104227182111671146e-01
-8.133840721745955182e-02
-4.593538346412798234e-02
-5.707085898256196721e-01
-8.093386391186593309e-01
4.231855063686676410e-01
-2.408158791837881063e-01
1.293776846239838574e-01
-7.185548471960471195e-01
1.000000000000000000e+00
-2.718645840972256922e-01
1.000000000000000000e+00
-2.236273520379534197e-01
3.632574973878088254e-01
-9.657039188057939816e-01
7.216541830476560504e-01
6.431537945893655017e-01
-8.826242347592381243e-01
1.518539675179142456e-02
9.288201477750289703e-01
8.722842652805032904e-01
-6.620279003158914266e-01
2.377035409792477572e-01
3.958764010485071871e-01
3.908200023976022841e-01
2.415069931693275551e-01
-2.512603272679224675e-01
1.641228120918333255e-01
-1.000000000000000000e+00
9.239637384763197403e-01
1.888342216935796070e-01
-1.000000000000000000e+00
-8.994708289808830415e-01
9.154439502434860709e-02
1.385810436789421396e-01
1.000000000000000000e+00
1.000000000000000000e+00
