-1.853080542355236005e-01
4.525279229084481214e-01
1.063402555924803095e-01
-9.694114513645418763e-01
-4.443643961296924738e-01
-1.694032079398816726e-01
7.796150779800730124e-01
-9.880237425154998754e-02
1.509858101090243432e-01
-5.946557408984628479e-01
7.219320656785820356e-01
-4.593001522179556706e-01
-3.202096932837303900e-01
4.848991379320008455e-01
-6.317674792329114331e-01
6.424039726109476156e-01
1.963217036887693334e-01
1.000000000000000000e+00
-2.527335778677681222e-01
-6.248054193972290005e-01
-2.328031038336124126e-01
2.487281959649128293e-01
5.669565377360654690e-01
9.857365473872026218e-01
2.234650873783741720e-01
6.619498643108011615e-01
1.127601726317951913e-02
-4.255396990370154814e-02
1.000000000000000000e+00
-4.714438650822361798e-01
4.672966589043698882e-01
5.780403976065074945e-01
-3.353145318158040622e-01
1.656252699260273020e-02
8.299156984602095166e-01
2.624166488068629954e-02
4.128004811333285673e-01
-5.668263058000074794e-01
8.335709591287088216e-01
2.077686427720919493e-01
7.434128346526185371e-01
-1.000000000000000000e+00
-2.908075105033708363e-01
-3.328813875638108044e-01
1.268429668754639805e-01
-3.886058486834079173e-01
-2.890607258141925096e-01
9.031949378823538321e-01
3.142291304931919826e-02
-1.000000000000000000e+00
1.333276543733321884e-01
-8.987489357564318881e-01
-1.000000000000000000e+00
7.049837767491068385e-01
-1.717299202345607678e-01
-5.282544078989648284e-01
4.022462928771585178e-01
3.024300362494634076e-01
-2.000582494780135667e-02
-4.632945390483094172e-01
-1.000000000000000000e+00
-9.794361462800136309e-01
-5.751209073236596137e-02
-2.982318736297748796e-01
5.307892618874284762e-01
-3.359787747649407019e-01
3.247869991924106636e-01
-7.063242702449856747e-01
-7.953899668108287413e-01
-2.580675081206456056e-01
-5.716706433366109535e-02
-2.590329398974817732e-01
1.000000000000000000e+00
1.863170130290781046e-01
7.714884842945851640e-01
-6.874908127055084917e-02
5.986745771005702599e-01
-4.865452131621580967e-01
-9.380199716803563348e-01
5.349704024059453999e-01
2.187258031993234986e-01
-1.959613300903945143e-01
-4.576562956275797012e-01
1.833610203830717267e-01
-1.887622377133912066e-01
1.915480799963570346e-02
-7.412594782879419197e-01
1.000000000000000000e+00
1.000000000000000000e+00
4.769039828970479400e-01
8.078528631276797878e-01
1.397271364648247360e-01
4.277760419929673708e-01
-2.227844053075368480e-01
2.011213557573336419e-01
9.883861533334561411e-01
-1.159955275441874878e-01
-2.153894660528177241e-04
9.199056683219508646e-01
1.790386404320318259e-01
-3.818977447713033380e-01
-5.402820272178514571e-01
6.173363348603322365e-01
-1.222533241789222902e-01
6.769886148066958653e-02
7.684238666357978698e-02
-6.776903361338575404e-01
-7.240767519425653220e-02
1.000000000000000000e+00
-2.307925843785619269e-01
-8.011400592671437115e-01
-7.796832721423458956e-01
-3.584564119610633703e-02
2.983509232227794516e-01
2.876690825305545096e-01
-1.000000000000000000e+00
-1.000000000000000000e+00
4.311135097051222442e-01
2.534620699136261313e-01
-9.942000995715918332e-01
4.593183164227796628e-02
4.616054607734867976e-02
1.880387680564921671e-01
1.667297743848707159e-01
-6.851171507949896933e-01
-1.000000000000000000e+00
9.459909968919097412e-02
-1.000000000000000000e+00
-3.612741668586956223e-01
-4.874506988631073789e-01
3.447208359273491451e-01
5.848069930960946294e-01
5.950812502712214958e-01
-1.968317261442641131e-02
5.649993906272251509e-01
-1.158183205095707352e-01
4.455531787576976210e-01
-6.850799860101031147e-01
1.000000000000000000e+00
2.089465728497233443e-03
9.173227609369035696e-01
7.455756805467599335e-01
1.532890742237297821e-01
2.097600236239997862e-01
-1.024909388893747164e-01
4.714836284435902636e-02
3.063814293695843460e-02
-8.614984696268929154e-01
-9.349727544581354355e-03
6.529106466766661232e-02
9.897989092563315161e-01
-7.031595051439665234e-01
-6.192179519993252779e-01
9.034222239335170102e-01
-4.961497597543714222e-01
4.074059759049756257e-01
-7.698885431047959305e-01
-3.888978630758336275e-01
-4.239540124896239437e-01
-6.842196135736555718e-01
-3.464161897567883397e-01
-1.000000000000000000e+00
-5.677743048215759814e-01
-6.226996624346962106e-01
3.279124323546938613e-01
-2.885393020424803501e-01
8.364276576552417408e-01
-8.540949914425928491e-02
-3.387113138489084574e-01
-8.381597853774813700e-02
-9.174192507791054663e-01
-9.786824696871795348e-01
-7.649202080848434004e-01
6.451798781181788955e-01
9.597517650772422471e-01
-3.002745794941980018e-02
6.854385757231588050e-01
6.024045828417168291e-02
-1.858065666012093942e-01
-1.000000000000000000e+00
-2.203860582573125559e-01
-4.597322862384978781e-01
1.549365039500990582e-01
1.000000000000000000e+00
-5.254158614357269386e-01
4.924109693626240181e-01
-5.924194052406548394e-01
3.963031908458123920e-01
-1.858017325755128013e-01
-1.145446455233068983e-01
-1.000000000000000000e+00
2.659078898724009932e-01
4.249561739609820088e-01
3.942645124803252910e-01
-1.914702762609937214e-01
1.872456235603501551e-01
-1.781093790002729049e-01
-4.616552751894104079e-02
-3.300529029621591115e-01
-7.759050438435948216e-01
-3.749215228862953220e-01
-5.894909906648130304e-01
1.000000000000000000e+00
3.226891411998530357e-01
5.233975370650326697e-01
-3.323672579308448172e-02
2.827843858837310598e-01
-1.897838726454718628e-01
3.498354833028988753e-01
1.355506640529054729e-01
-9.677422242204912761e-01
-4.559310196760621992e-01
1.842084705513925003e-01
4.264700298984430704e-01
-6.709953608970647965e-02
-8.411493842832801215e-01
4.644009029623673568e-01
-4.127994899096940618e-01
-2.688368141356505259e-01
-2.849496009645434702e-01
1.000000000000000000e+00
6.657356423253463218e-01
2.723590034536869098e-01
4.488794645197871080e-01
6.921077922693195106e-01
-5.444089669090287908e-02
-4.676455340447899789e-01
7.683634569970654304e-01
-3.673743204999926348e-01
4.421417959968682032e-02
-4.592070494295956151e-01
-7.007454099984672391e-01
8.672908674094849113e-01
4.467490380527006089e-02
-1.294419982302528194e-01
2.285670533530942405e-01
-6.344030681872372401e-01
7.824357129041779046e-01
-1.155650854488320806e-01
5.023742820203949133e-01
5.731427024797247638e-02
-5.149383894235094461e-01
-6.597224354264800139e-01
1.568040579992638350e-01
-1.000000000000000000e+00
-7.757306186901992140e-01
-2.412530656450685984e-01
-3.672943241238956213e-01
2.935444193467646734e-01
-7.675111283194342437e-01
-1.498100264364526923e-02
-7.061300947062018052e-01
4.301848204605379644e-01
5.380891395531450794e-01
7.465977618680404992e-01
5.632829271490651379e-01
-4.003492218724086782e-01
-7.700268920133663819e-01
-4.268230953560055163e-03
3.786243316887008548e-01
1.000000000000000000e+00
-6.751107884375160406e-01
7.770559926522452310e-01
-4.507204905823244401e-01
-1.143210213574040734e-01
