1.000000000000000000e+00
1.859636545735625368e-01
2.207755098185532616e-01
9.053525223931815358e-01
-3.737859844320677860e-01
8.219898915756175262e-01
7.041000537670019099e-01
1.858518567247083864e-01
-4.117254613351538084e-01
8.003978769270853055e-01
-1.000756187273054432e-01
1.000000000000000000e+00
-5.454595053270445693e-01
8.210531906255359724e-02
3.271602784574187961e-01
5.534843751279449053e-01
3.539282884264327578e-01
-8.440213395731366308e-01
-5.205000306490225048e-01
-5.559194089208950584e-02
8.481601699379774928e-01
2.957291653796034758e-02
-2.844154068151716341e-01
1.000000000000000000e+00
-6.338623509842957748e-01
-1.000000000000000000e+00
5.665817522302800668e-01
-2.763979796613700302e-01
4.975709316383373215e-01
4.561244130232735006e-01
9.213453665761299760e-01
-3.924927622221097145e-02
1.000000000000000000e+00
1.000000000000000000e+00
6.381605987507344979e-01
2.033242483960255309e-01
7.853542654352969610e-01
-7.564795641772349699e-03
8.414523621539027332e-01
1.000000000000000000e+00
-5.122056872275475292e-02
1.165519487376039109e-01
3.828665777637861312e-01
1.817630512990663361e-01
3.475324529669157059e-01
-1.291365276019957875e-01
-5.622278110668290640e-01
-8.127853463305355630e-01
-6.730089314288024704e-01
-4.611701663759072423e-01
-1.000000000000000000e+00
-1.000000000000000000e+00
3.271143011725936023e-01
1.011181033927669032e-01
-3.434266779649943757e-01
1.522484952475720299e-01
2.947723217104446514e-01
-7.247873066670482700e-01
-7.783896618229320108e-01
1.000000000000000000e+00
5.082144418780666362e-01
3.086111930485748722e-01
-6.439846349982918383e-01
2.693274639598621789e-01
2.809754682945280191e-01
5.036415166846073266e-01
9.784861876025596761e-01
7.035198762920462645e-01
-1.208935668932153290e-01
2.008697882867537254e-01
-8.837401452318845996e-01
-1.011320185012194728e-01
-8.724696160988167914e-01
-2.661685472567896782e-01
7.924517123065916158e-01
-7.190447404550266430e-01
-1.778636653641696430e-02
-9.823451421442027653e-01
-2.497323390589888947e-01
3.743790541255315185e-01
-3.374094928180700892e-01
-2.913372563857694053e-01
3.387886446384208439e-01
7.840070757698368586e-01
-2.466860852353091604e-01
1.806593879274769887e-01
8.368735912973807034e-01
7.422191898637169327e-01
-2.520660806366939455e-01
5.711473367412482904e-01
7.450462753938968952e-01
9.076254804880466986e-01
-6.873614761678614737e-01
-1.000000000000000000e+00
-3.732978542275723344e-01
-5.046126205649661411e-01
5.842874476887225388e-01
-3.280445213809628502e-01
-8.734015703654051110e-01
9.458650895246273338e-01
8.254701809372790855e-01
5.473793670086365415e-01
5.253081735157906218e-01
4.329684329220379047e-02
1.139406256759935288e-01
2.525716236258490066e-01
2.872567093149003270e-01
1.000000000000000000e+00
1.000000000000000000e+00
9.039074657290920856e-01
6.449886960984038131e-01
-4.780260734952171964e-01
3.827693083032644439e-01
-1.000000000000000000e+00
5.087526887920470475e-01
-1.000000000000000000e+00
-5.735211766109364895e-01
-5.668300871177310851e-01
9.495586797746921603e-02
8.466880069458879166e-02
-2.696890193624476573e-01
-1.000000000000000000e+00
1.000000000000000000e+00
8.960888013289787513e-02
-7.452365078066972015e-02
-4.043644364963557836e-01
-1.000000000000000000e+00
-3.577252282149852025e-01
-1.000000000000000000e+00
1.000000000000000000e+00
7.533575833223700169e-01
5.892624668523058773e-01
-5.631298609272650246e-01
1.729237082920322965e-01
-5.291642900943495098e-01
-6.882110056657538000e-02
-7.593923781541684903e-01
7.068206502168290495e-01
-7.165244225075366735e-01
-6.257359346399793409e-01
-1.000000000000000000e+00
-3.256678627813389126e-01
-8.288544214452533421e-01
-9.845212476082179087e-01
8.943144914970651005e-01
3.561216846923731527e-01
-6.662699442743920120e-01
2.502979924492396147e-01
-8.706684869039170716e-01
1.050847507852311624e-01
2.739318004072002211e-01
-3.941898408660655245e-02
-4.183825096182754166e-02
1.000000000000000000e+00
-9.388074529204081253e-01
7.383081629156732495e-01
3.566553810317938389e-01
4.245119112259997940e-01
-3.077473139801206181e-01
2.997893260122604375e-01
-3.105153283705056610e-01
2.021250221264480063e-01
1.139671552156488188e-01
2.930437326520032304e-01
-4.036019884832684479e-01
-1.975983081776241379e-01
4.766388723329808008e-01
-5.333230609375750886e-01
6.406658733148528073e-01
6.714101216188526067e-01
-4.939024642002076693e-01
-8.449171515382598585e-01
1.000000000000000000e+00
2.905085317563452230e-01
-2.373731925750538485e-02
2.912485790185029844e-01
-5.043080683670682074e-01
-1.622832096601204976e-01
1.000000000000000000e+00
-8.571764806968508177e-01
-9.502118329603365110e-02
-2.400813815540975282e-02
-6.622542703781968410e-01
-8.173566048743471368e-01
-3.342802031132298679e-01
-1.193587893642629599e-01
-5.190291953435313133e-01
4.861019833922199940e-01
-1.000000000000000000e+00
-9.342489188631325492e-01
-5.278898411931792767e-01
-1.000000000000000000e+00
-8.287594095886180456e-01
-5.829365451679431320e-01
5.025516148575368547e-01
3.929278077723692975e-01
2.602031700816107573e-01
7.331409465620905563e-02
2.800982170646024172e-01
9.429029435137185056e-01
2.170275727381792419e-01
9.019122553009090160e-01
7.260981994158037800e-01
-2.122752690965049593e-01
-3.687754296228324957e-01
-3.401965728471598727e-01
5.964683590775622379e-01
-1.000000000000000000e+00
-7.866429173680561382e-02
8.590386724872625113e-01
-5.217350745995121830e-01
-3.730668185482465815e-01
1.154662126588597570e-01
1.000000000000000000e+00
-2.999959129105983502e-01
5.722141565299548871e-01
9.317382563567164766e-01
4.921434036758220443e-01
6.532754734847203704e-01
-8.899885921221578622e-02
1.000000000000000000e+00
2.265302553646995065e-01
1.000000000000000000e+00
-5.155737833704242545e-01
9.113741790689335875e-01
2.359031794639321888e-01
8.016664815880381045e-01
-9.948323197236618176e-01
6.333674802031888929e-01
-1.000000000000000000e+00
-1.000000000000000000e+00
-1.000000000000000000e+00
6.292375932909033409e-01
-5.303958254300220609e-01
-2.250862344930086856e-01
5.533039622582001105e-01
7.289040901610291390e-02
1.000000000000000000e+00
8.038255192991368148e-01
-1.660651449214525510e-01
-7.459614530007128153e-01
-1.220300352607274486e-01
-2.474480088050044213e-01
8.334855856252753048e-01
-2.433966053093776505e-01
5.054103702849378488e-01
-3.947185280258895257e-01
-9.845389800016008941e-01
1.000000000000000000e+00
-9.688649285779038500e-01
-5.895341121306842957e-01
4.920467356435406781e-01
-3.760638626417182051e-01
-4.305828859823929711e-01
2.009065057302310275e-01
2.558995714391929521e-01
3.398853297870420287e-02
6.398461268692894333e-01
1.000000000000000000e+00
-3.987963826281860080e-01
-4.299010226476092655e-01
-3.274566524712586579e-01
1.656955181496292950e-01
3.181616085849506281e-01
-7.548479474779936638e-01
